s 1 10
s 6 4
s 10 5
s 11 6
s 13 6
s 16 3
s 18 2
s 19 1
s 22 2
s 26 3
s 27 5
s 28 10
s 34 1
s 37 9
s 41 4
s 42 1
s 44 7
s 45 9
s 48 10
s 49 9
s 50 7
s 55 7
s 57 4
s 59 8
s 60 5
s 62 4
s 64 1
s 65 9
s 66 10
s 70 6
s 72 10
s 74 2
s 75 4
s 77 5
s 78 5
s 79 5
s 80 3
s 81 10
s 82 2
s 83 7
s 84 7
s 85 9
s 86 10
s 87 10
s 88 2
s 90 6
s 91 4
s 93 10
s 95 9
s 98 9
s 99 9
1 2 2
1 4 8
1 7 6
1 9 3
1 10 6
1 14 8
1 15 9
1 17 2
1 20 9
1 23 9
1 27 6
1 29 8
1 30 8
1 33 10
1 34 6
1 35 9
1 37 10
1 38 7
1 39 9
1 40 5
1 42 1
1 43 6
1 44 9
1 46 9
1 49 1
1 50 5
1 55 10
1 56 1
1 57 8
1 58 6
1 59 7
1 60 2
1 63 6
1 69 2
1 70 4
1 73 9
1 76 2
1 78 9
1 81 10
1 83 5
1 84 4
1 89 2
1 90 2
1 91 10
1 93 1
2 1 2
2 3 4
2 4 9
2 5 7
2 6 7
2 11 7
2 13 3
2 16 8
2 17 1
2 19 2
2 20 3
2 23 3
2 24 7
2 25 2
2 27 4
2 28 4
2 29 6
2 30 6
2 31 8
2 32 10
2 34 1
2 36 4
2 37 3
2 40 2
2 41 10
2 42 6
2 44 6
2 46 8
2 49 5
2 50 4
2 53 7
2 57 2
2 58 10
2 59 3
2 62 6
2 63 4
2 64 1
2 66 7
2 67 5
2 68 1
2 76 1
2 77 10
2 78 7
2 81 4
2 83 2
2 85 9
2 88 6
2 91 7
2 92 9
2 94 5
2 96 4
2 98 7
3 2 4
3 4 1
3 5 7
3 6 3
3 7 3
3 8 7
3 9 3
3 10 3
3 11 3
3 12 9
3 13 7
3 15 1
3 18 2
3 21 4
3 23 4
3 24 10
3 28 1
3 29 1
3 33 8
3 38 8
3 39 2
3 40 6
3 41 8
3 43 1
3 45 8
3 46 8
3 47 7
3 49 6
3 50 7
3 51 3
3 54 3
3 55 6
3 56 3
3 59 1
3 60 2
3 62 9
3 64 3
3 65 2
3 68 10
3 69 10
3 71 1
3 72 4
3 75 8
3 76 5
3 78 10
3 81 4
3 82 2
3 83 3
3 85 6
3 86 2
3 90 9
3 93 6
3 95 8
3 98 9
4 1 8
4 2 9
4 3 1
4 13 9
4 14 5
4 15 5
4 17 8
4 18 5
4 21 9
4 22 10
4 23 2
4 24 4
4 25 9
4 26 6
4 28 7
4 30 5
4 31 1
4 32 9
4 33 6
4 36 1
4 38 8
4 43 6
4 44 9
4 45 5
4 49 2
4 50 3
4 51 9
4 53 9
4 55 5
4 59 9
4 60 4
4 61 6
4 62 10
4 63 10
4 64 4
4 66 1
4 67 4
4 69 8
4 70 4
4 75 6
4 76 1
4 78 5
4 81 6
4 82 5
4 83 7
4 85 8
4 86 10
4 88 6
4 90 8
4 93 3
4 96 6
4 98 4
4 99 9
5 2 7
5 3 7
5 7 4
5 9 7
5 11 8
5 15 6
5 17 2
5 20 7
5 21 9
5 22 9
5 28 2
5 31 5
5 33 2
5 34 4
5 35 5
5 37 8
5 40 6
5 42 3
5 44 8
5 48 5
5 49 2
5 50 7
5 55 10
5 59 9
5 61 1
5 62 7
5 63 2
5 65 5
5 67 8
5 74 5
5 75 6
5 76 7
5 77 7
5 78 9
5 82 9
5 83 7
5 84 9
5 86 4
5 89 7
5 92 7
5 93 8
5 94 10
5 98 8
6 2 7
6 3 3
6 7 7
6 12 2
6 13 7
6 14 8
6 16 3
6 18 1
6 19 5
6 20 3
6 21 1
6 23 2
6 26 6
6 29 5
6 32 1
6 33 10
6 35 5
6 37 6
6 38 6
6 41 3
6 42 1
6 43 8
6 44 10
6 45 2
6 49 9
6 56 4
6 58 5
6 59 8
6 60 5
6 62 7
6 66 2
6 67 9
6 68 4
6 70 5
6 71 10
6 72 2
6 74 3
6 77 8
6 79 8
6 82 6
6 83 9
6 84 9
6 87 8
6 89 2
6 90 5
6 92 9
6 95 9
6 96 6
6 98 1
6 99 1
7 1 6
7 3 3
7 5 4
7 6 7
7 8 9
7 9 2
7 10 3
7 11 2
7 13 5
7 14 8
7 17 3
7 18 8
7 19 9
7 26 10
7 39 1
7 46 9
7 49 2
7 50 1
7 52 6
7 53 6
7 54 10
7 55 5
7 57 3
7 58 7
7 60 9
7 63 10
7 70 7
7 71 10
7 74 10
7 75 5
7 78 10
7 79 7
7 81 6
7 84 5
7 85 8
7 88 3
7 89 2
7 90 4
7 91 5
7 93 10
7 95 7
7 98 3
7 99 9
8 3 7
8 7 9
8 12 9
8 15 8
8 16 9
8 20 9
8 23 2
8 24 10
8 25 8
8 26 5
8 31 3
8 32 10
8 35 5
8 36 6
8 37 9
8 38 7
8 40 10
8 41 1
8 42 1
8 44 3
8 46 3
8 49 2
8 50 2
8 51 5
8 53 7
8 57 2
8 58 1
8 60 3
8 62 1
8 64 2
8 66 1
8 68 5
8 69 5
8 70 2
8 71 1
8 73 8
8 74 10
8 75 4
8 76 10
8 81 9
8 82 10
8 83 3
8 84 3
8 85 9
8 86 7
8 87 8
8 89 4
8 90 9
8 91 1
8 92 4
8 93 1
8 95 3
8 99 2
9 1 3
9 3 3
9 5 7
9 7 2
9 10 3
9 14 9
9 15 3
9 17 5
9 20 3
9 24 8
9 26 2
9 28 8
9 30 10
9 31 7
9 32 5
9 33 5
9 35 9
9 37 10
9 40 2
9 43 4
9 44 2
9 45 8
9 46 1
9 49 2
9 51 10
9 52 10
9 53 1
9 54 6
9 57 10
9 63 7
9 68 4
9 70 5
9 71 2
9 72 8
9 75 1
9 77 1
9 80 5
9 82 10
9 83 6
9 84 9
9 85 8
9 86 2
9 87 3
9 90 7
9 92 2
9 93 9
9 98 7
9 99 7
10 1 6
10 3 3
10 7 3
10 9 3
10 12 5
10 13 10
10 15 10
10 17 1
10 18 10
10 21 7
10 23 10
10 24 3
10 25 8
10 27 9
10 29 4
10 32 8
10 33 7
10 34 3
10 35 8
10 36 6
10 42 2
10 48 1
10 49 6
10 50 4
10 51 7
10 53 9
10 54 5
10 56 4
10 57 6
10 58 4
10 61 8
10 62 3
10 64 1
10 66 2
10 68 10
10 69 5
10 71 3
10 72 10
10 73 9
10 74 9
10 75 8
10 77 7
10 78 4
10 79 10
10 80 5
10 82 9
10 83 10
10 87 3
10 88 1
10 89 5
10 92 4
10 94 3
10 95 2
11 2 7
11 3 3
11 5 8
11 7 2
11 13 1
11 15 7
11 17 8
11 18 6
11 19 9
11 23 7
11 25 6
11 29 1
11 30 8
11 32 1
11 34 10
11 37 1
11 39 9
11 42 3
11 43 7
11 45 7
11 46 2
11 48 5
11 50 2
11 55 6
11 56 3
11 57 2
11 60 9
11 61 7
11 62 5
11 67 3
11 69 4
11 70 3
11 72 7
11 73 8
11 74 8
11 75 9
11 76 7
11 81 4
11 82 4
11 84 6
11 87 7
11 88 3
11 89 4
11 90 8
11 92 5
11 94 3
11 95 6
11 96 9
11 98 1
12 3 9
12 6 2
12 8 9
12 10 5
12 14 9
12 19 5
12 22 2
12 23 7
12 24 3
12 25 10
12 27 10
12 29 3
12 30 3
12 32 1
12 37 1
12 43 7
12 47 8
12 48 4
12 50 4
12 53 9
12 56 6
12 58 2
12 61 7
12 64 6
12 66 4
12 67 5
12 68 9
12 69 1
12 70 1
12 73 9
12 74 3
12 77 7
12 79 3
12 81 10
12 84 9
12 86 3
12 91 6
12 92 1
12 93 7
12 94 5
12 95 10
12 97 4
12 99 10
13 2 3
13 3 7
13 4 9
13 6 7
13 7 5
13 10 10
13 11 1
13 18 5
13 19 8
13 20 4
13 22 8
13 27 9
13 28 8
13 30 9
13 31 5
13 33 10
13 34 6
13 36 2
13 38 10
13 39 9
13 40 2
13 42 7
13 43 10
13 46 9
13 48 3
13 50 3
13 52 5
13 53 3
13 54 8
13 57 1
13 58 1
13 59 5
13 60 7
13 61 5
13 62 7
13 63 10
13 65 9
13 66 6
13 69 1
13 70 7
13 73 9
13 74 8
13 76 1
13 79 4
13 83 2
13 84 6
13 86 8
13 87 9
13 88 7
13 90 9
13 94 4
13 95 8
13 96 7
13 98 7
14 1 8
14 4 5
14 6 8
14 7 8
14 9 9
14 12 9
14 15 1
14 16 1
14 18 6
14 19 3
14 20 3
14 21 1
14 22 4
14 24 3
14 27 2
14 30 4
14 32 8
14 34 9
14 36 5
14 37 2
14 39 1
14 41 9
14 43 3
14 46 8
14 47 1
14 49 6
14 50 1
14 51 3
14 53 1
14 54 1
14 58 5
14 59 4
14 60 1
14 61 5
14 69 4
14 70 5
14 72 5
14 73 8
14 75 5
14 76 8
14 80 4
14 81 9
14 84 3
14 85 4
14 86 7
14 87 2
14 88 10
14 91 2
14 93 2
14 96 9
14 97 10
14 99 3
15 1 9
15 3 1
15 4 5
15 5 6
15 8 8
15 9 3
15 10 10
15 11 7
15 14 1
15 20 4
15 21 6
15 22 4
15 23 1
15 25 6
15 26 9
15 28 2
15 29 10
15 31 8
15 33 10
15 34 4
15 35 1
15 38 5
15 40 7
15 43 9
15 44 8
15 45 7
15 46 8
15 47 2
15 48 10
15 49 3
15 50 9
15 51 10
15 52 9
15 54 6
15 59 8
15 60 7
15 62 8
15 67 5
15 69 2
15 73 4
15 75 6
15 76 1
15 77 5
15 78 1
15 79 3
15 82 3
15 83 8
15 84 7
15 86 2
15 87 9
15 89 7
15 92 5
15 93 5
15 94 9
15 97 2
15 98 3
16 2 8
16 6 3
16 8 9
16 14 1
16 17 9
16 21 5
16 22 6
16 24 5
16 25 6
16 27 1
16 29 7
16 30 4
16 34 1
16 38 7
16 39 9
16 41 5
16 47 3
16 50 3
16 51 1
16 52 5
16 53 1
16 54 10
16 55 3
16 56 1
16 57 4
16 58 4
16 62 10
16 67 10
16 68 8
16 69 10
16 71 7
16 73 1
16 74 5
16 75 1
16 76 3
16 80 3
16 83 8
16 86 4
16 88 8
16 93 5
16 95 3
16 96 1
16 97 6
16 98 4
16 99 4
17 1 2
17 2 1
17 4 8
17 5 2
17 7 3
17 9 5
17 10 1
17 11 8
17 16 9
17 20 6
17 21 10
17 26 1
17 27 9
17 36 6
17 37 5
17 42 2
17 51 4
17 56 10
17 61 10
17 63 7
17 64 9
17 65 7
17 69 9
17 71 2
17 72 6
17 73 9
17 74 2
17 75 9
17 77 4
17 78 6
17 79 10
17 80 6
17 81 1
17 82 5
17 83 5
17 84 4
17 85 7
17 87 9
17 88 3
17 94 5
17 95 6
17 96 1
17 98 1
18 3 2
18 4 5
18 6 1
18 7 8
18 10 10
18 11 6
18 13 5
18 14 6
18 20 10
18 21 5
18 25 1
18 26 10
18 32 5
18 33 3
18 34 8
18 36 3
18 37 3
18 38 5
18 40 7
18 41 5
18 43 6
18 44 1
18 45 10
18 47 2
18 48 6
18 50 8
18 55 8
18 58 5
18 59 9
18 60 8
18 63 2
18 66 8
18 68 10
18 69 8
18 72 3
18 73 1
18 76 9
18 80 7
18 81 5
18 84 9
18 87 6
18 89 6
18 90 10
18 96 10
18 99 10
19 2 2
19 6 5
19 7 9
19 11 9
19 12 5
19 13 8
19 14 3
19 21 1
19 22 4
19 23 6
19 24 4
19 28 1
19 29 2
19 30 3
19 31 10
19 34 6
19 36 3
19 37 6
19 40 1
19 41 2
19 42 9
19 44 5
19 46 7
19 47 10
19 49 6
19 50 7
19 54 8
19 56 10
19 59 1
19 60 10
19 61 3
19 62 6
19 63 8
19 65 8
19 66 4
19 68 4
19 69 8
19 70 5
19 71 4
19 72 1
19 75 2
19 77 6
19 78 10
19 80 4
19 83 5
19 84 1
19 85 5
19 87 9
19 88 10
19 93 3
19 94 3
19 96 3
20 1 9
20 2 3
20 5 7
20 6 3
20 8 9
20 9 3
20 13 4
20 14 3
20 15 4
20 17 6
20 18 10
20 21 4
20 23 10
20 25 10
20 26 3
20 27 3
20 30 2
20 31 1
20 32 10
20 34 2
20 36 6
20 38 8
20 40 5
20 44 3
20 46 1
20 48 7
20 49 8
20 50 9
20 51 7
20 54 2
20 55 1
20 56 7
20 57 10
20 58 4
20 59 6
20 66 7
20 67 2
20 68 9
20 70 5
20 72 8
20 73 4
20 76 5
20 77 2
20 78 3
20 79 9
20 81 9
20 83 8
20 84 9
20 88 6
20 89 2
20 90 1
20 91 4
20 93 4
20 95 5
20 96 7
20 98 8
20 99 4
21 3 4
21 4 9
21 5 9
21 6 1
21 10 7
21 14 1
21 15 6
21 16 5
21 17 10
21 18 5
21 19 1
21 20 4
21 23 5
21 24 5
21 26 4
21 27 9
21 31 7
21 34 2
21 35 2
21 37 10
21 39 4
21 40 1
21 42 3
21 44 3
21 45 5
21 47 6
21 48 10
21 51 2
21 55 6
21 56 9
21 59 1
21 61 8
21 63 6
21 65 2
21 66 5
21 69 1
21 70 9
21 73 3
21 75 7
21 76 5
21 78 10
21 83 6
21 84 8
21 85 7
21 88 1
21 89 3
21 90 2
21 93 1
21 94 9
21 95 9
21 99 5
22 4 10
22 5 9
22 12 2
22 13 8
22 14 4
22 15 4
22 16 6
22 19 4
22 24 9
22 28 6
22 29 1
22 34 3
22 35 5
22 37 8
22 38 7
22 39 3
22 42 6
22 47 8
22 48 6
22 49 4
22 53 9
22 54 6
22 55 1
22 59 7
22 60 5
22 61 10
22 63 7
22 64 4
22 65 5
22 66 7
22 67 8
22 68 4
22 71 10
22 72 7
22 73 2
22 75 1
22 78 1
22 80 5
22 81 7
22 83 9
22 84 3
22 85 4
22 89 3
22 90 10
22 93 5
22 94 7
22 96 1
22 98 6
23 1 9
23 2 3
23 3 4
23 4 2
23 6 2
23 8 2
23 10 10
23 11 7
23 12 7
23 15 1
23 19 6
23 20 10
23 21 5
23 24 7
23 26 6
23 29 3
23 31 9
23 32 2
23 34 3
23 38 1
23 40 7
23 42 9
23 43 4
23 45 1
23 46 6
23 48 4
23 54 10
23 59 10
23 60 9
23 64 8
23 66 8
23 67 8
23 71 3
23 76 2
23 78 7
23 83 1
23 84 3
23 87 1
23 88 3
23 90 1
23 91 1
23 93 3
23 94 8
23 95 2
23 96 1
23 97 2
23 98 1
23 99 7
24 2 7
24 3 10
24 4 4
24 8 10
24 9 8
24 10 3
24 12 3
24 14 3
24 16 5
24 19 4
24 21 5
24 22 9
24 23 7
24 25 4
24 32 6
24 33 6
24 36 4
24 37 4
24 38 8
24 39 5
24 43 2
24 45 2
24 46 3
24 47 5
24 51 3
24 52 3
24 54 4
24 58 8
24 59 7
24 60 1
24 64 6
24 66 7
24 70 10
24 74 5
24 79 7
24 80 10
24 81 10
24 82 3
24 85 9
24 87 3
24 94 2
24 96 5
24 99 4
25 2 2
25 4 9
25 8 8
25 10 8
25 11 6
25 12 10
25 15 6
25 16 6
25 18 1
25 20 10
25 24 4
25 29 4
25 31 3
25 32 10
25 33 7
25 37 1
25 39 1
25 42 5
25 47 8
25 48 7
25 49 1
25 51 4
25 52 3
25 54 8
25 55 7
25 56 3
25 57 3
25 58 3
25 59 9
25 61 4
25 63 5
25 66 1
25 67 7
25 70 6
25 71 8
25 72 10
25 73 3
25 74 3
25 75 7
25 76 4
25 77 8
25 78 6
25 79 4
25 80 4
25 83 10
25 90 10
25 91 7
25 92 7
25 94 8
25 96 1
26 4 6
26 6 6
26 7 10
26 8 5
26 9 2
26 15 9
26 17 1
26 18 10
26 20 3
26 21 4
26 23 6
26 29 7
26 33 7
26 37 1
26 38 9
26 40 5
26 42 2
26 43 1
26 44 2
26 46 1
26 47 4
26 50 7
26 52 10
26 54 3
26 56 9
26 57 2
26 58 1
26 63 4
26 64 9
26 65 10
26 70 5
26 71 8
26 73 9
26 74 7
26 75 9
26 76 5
26 80 2
26 81 5
26 83 1
26 84 1
26 85 4
26 86 1
26 87 6
26 88 4
26 89 2
26 92 1
26 93 8
26 94 5
26 95 9
26 98 9
27 1 6
27 2 4
27 10 9
27 12 10
27 13 9
27 14 2
27 16 1
27 17 9
27 20 3
27 21 9
27 30 2
27 32 5
27 33 4
27 34 4
27 35 5
27 37 9
27 39 10
27 40 2
27 44 10
27 45 4
27 47 1
27 49 2
27 50 1
27 51 2
27 52 5
27 53 9
27 56 7
27 57 7
27 58 1
27 61 7
27 63 7
27 68 8
27 72 6
27 74 3
27 76 6
27 79 10
27 80 8
27 86 4
27 87 8
27 88 1
27 90 5
27 91 10
27 92 9
27 93 2
27 96 6
27 97 4
27 98 3
28 2 4
28 3 1
28 4 7
28 5 2
28 9 8
28 13 8
28 15 2
28 19 1
28 22 6
28 29 4
28 35 5
28 36 10
28 37 3
28 39 7
28 40 9
28 43 9
28 45 8
28 49 8
28 50 2
28 51 3
28 53 7
28 55 5
28 56 10
28 57 2
28 58 3
28 60 5
28 62 2
28 63 4
28 64 5
28 65 7
28 66 7
28 68 9
28 69 8
28 72 4
28 75 5
28 76 3
28 77 5
28 78 8
28 80 3
28 81 7
28 82 7
28 84 2
28 85 5
28 87 5
28 89 7
28 90 7
28 92 1
28 94 6
28 98 8
29 1 8
29 2 6
29 3 1
29 6 5
29 10 4
29 11 1
29 12 3
29 15 10
29 16 7
29 19 2
29 22 1
29 23 3
29 25 4
29 26 7
29 28 4
29 32 7
29 33 4
29 35 9
29 36 8
29 37 6
29 38 1
29 40 1
29 42 1
29 44 7
29 45 6
29 49 6
29 53 1
29 55 6
29 57 1
29 58 7
29 59 7
29 60 7
29 62 5
29 65 4
29 66 5
29 68 1
29 69 4
29 71 1
29 72 6
29 75 1
29 77 9
29 78 1
29 83 4
29 85 9
29 91 5
29 92 8
29 94 6
29 95 9
29 96 2
29 97 3
30 1 8
30 2 6
30 4 5
30 9 10
30 11 8
30 12 3
30 13 9
30 14 4
30 16 4
30 19 3
30 20 2
30 27 2
30 32 2
30 33 5
30 35 1
30 36 6
30 37 2
30 38 3
30 41 2
30 42 6
30 43 7
30 44 6
30 47 3
30 48 7
30 49 7
30 56 9
30 57 7
30 61 6
30 62 6
30 63 3
30 64 9
30 66 3
30 67 8
30 69 7
30 70 8
30 72 10
30 78 4
30 79 4
30 80 9
30 83 10
30 84 3
30 85 4
30 87 8
30 92 8
30 94 3
30 95 6
30 96 5
30 98 6
30 99 1
31 2 8
31 4 1
31 5 5
31 8 3
31 9 7
31 13 5
31 15 8
31 19 10
31 20 1
31 21 7
31 23 9
31 25 3
31 32 1
31 35 8
31 36 9
31 37 5
31 38 2
31 40 10
31 42 8
31 43 1
31 45 4
31 46 4
31 47 8
31 50 10
31 52 8
31 53 5
31 56 4
31 59 10
31 60 7
31 64 6
31 65 6
31 67 7
31 70 3
31 73 1
31 75 2
31 77 3
31 78 8
31 79 7
31 84 7
31 86 1
31 90 8
31 92 6
31 94 7
31 99 9
32 2 10
32 4 9
32 6 1
32 8 10
32 9 5
32 10 8
32 11 1
32 12 1
32 14 8
32 18 5
32 20 10
32 23 2
32 24 6
32 25 10
32 27 5
32 29 7
32 30 2
32 31 1
32 33 4
32 35 9
32 37 1
32 38 10
32 46 5
32 50 1
32 52 5
32 53 4
32 58 4
32 59 9
32 61 2
32 62 4
32 63 3
32 66 3
32 67 4
32 71 10
32 72 6
32 76 2
32 77 7
32 79 1
32 83 9
32 84 7
32 85 4
32 86 10
32 87 1
32 91 6
32 92 6
32 93 6
32 95 1
32 96 9
32 99 3
33 1 10
33 3 8
33 4 6
33 5 2
33 6 10
33 9 5
33 10 7
33 13 10
33 15 10
33 18 3
33 24 6
33 25 7
33 26 7
33 27 4
33 29 4
33 30 5
33 32 4
33 34 7
33 35 3
33 36 8
33 37 7
33 41 10
33 42 9
33 44 4
33 48 8
33 50 1
33 51 6
33 52 7
33 53 10
33 56 6
33 57 10
33 58 7
33 60 3
33 62 5
33 63 7
33 64 1
33 65 6
33 68 4
33 69 9
33 70 1
33 71 3
33 72 4
33 73 1
33 74 7
33 75 10
33 79 3
33 83 9
33 84 9
33 87 6
33 89 10
33 90 5
33 93 2
33 97 9
33 98 9
33 99 7
34 1 6
34 2 1
34 5 4
34 10 3
34 11 10
34 13 6
34 14 9
34 15 4
34 16 1
34 18 8
34 19 6
34 20 2
34 21 2
34 22 3
34 23 3
34 27 4
34 33 7
34 39 7
34 40 2
34 41 2
34 43 6
34 44 7
34 46 5
34 47 3
34 48 8
34 52 9
34 53 9
34 54 6
34 55 10
34 62 3
34 65 5
34 71 7
34 72 3
34 73 7
34 75 3
34 76 8
34 78 1
34 79 2
34 80 7
34 83 3
34 84 2
34 91 7
34 92 10
34 93 1
35 1 9
35 5 5
35 6 5
35 8 5
35 9 9
35 10 8
35 15 1
35 21 2
35 22 5
35 27 5
35 28 5
35 29 9
35 30 1
35 31 8
35 32 9
35 33 3
35 36 8
35 38 7
35 40 10
35 41 7
35 42 10
35 45 7
35 47 1
35 51 3
35 52 10
35 55 4
35 56 8
35 57 5
35 58 3
35 59 3
35 61 6
35 63 9
35 65 7
35 66 7
35 67 2
35 68 8
35 69 9
35 72 7
35 73 4
35 74 10
35 77 3
35 80 10
35 81 1
35 83 3
35 91 2
35 94 5
36 2 4
36 4 1
36 8 6
36 10 6
36 13 2
36 14 5
36 17 6
36 18 3
36 19 3
36 20 6
36 24 4
36 28 10
36 29 8
36 30 6
36 31 9
36 33 8
36 35 8
36 37 10
36 39 9
36 43 2
36 44 8
36 45 5
36 47 8
36 50 3
36 51 8
36 56 2
36 58 9
36 59 9
36 60 4
36 63 9
36 64 8
36 65 7
36 66 7
36 67 9
36 68 6
36 69 10
36 70 7
36 74 8
36 75 9
36 77 9
36 78 9
36 79 9
36 80 9
36 82 10
36 83 1
36 85 5
36 87 4
36 95 8
37 1 10
37 2 3
37 5 8
37 6 6
37 8 9
37 9 10
37 11 1
37 12 1
37 14 2
37 17 5
37 18 3
37 19 6
37 21 10
37 22 8
37 24 4
37 25 1
37 26 1
37 27 9
37 28 3
37 29 6
37 30 2
37 31 5
37 32 1
37 33 7
37 36 10
37 42 10
37 45 6
37 48 3
37 49 5
37 55 5
37 57 6
37 58 1
37 60 8
37 61 1
37 62 10
37 66 2
37 68 9
37 69 1
37 70 4
37 72 4
37 75 2
37 76 1
37 77 3
37 82 4
37 84 10
37 85 9
37 86 4
37 87 2
37 88 5
37 91 8
37 93 4
37 95 2
37 96 5
37 97 1
38 1 7
38 3 8
38 4 8
38 6 6
38 8 7
38 13 10
38 15 5
38 16 7
38 18 5
38 20 8
38 22 7
38 23 1
38 24 8
38 26 9
38 29 1
38 30 3
38 31 2
38 32 10
38 35 7
38 39 9
38 41 2
38 43 7
38 45 4
38 49 6
38 50 7
38 51 6
38 56 9
38 57 5
38 59 6
38 62 9
38 66 3
38 67 6
38 69 5
38 77 5
38 78 2
38 79 8
38 80 7
38 85 8
38 89 2
38 93 6
38 96 3
38 97 9
38 98 5
39 1 9
39 3 2
39 7 1
39 11 9
39 13 9
39 14 1
39 16 9
39 21 4
39 22 3
39 24 5
39 25 1
39 27 10
39 28 7
39 34 7
39 36 9
39 38 9
39 42 4
39 44 8
39 48 2
39 49 1
39 50 6
39 51 8
39 52 10
39 53 7
39 57 6
39 66 8
39 67 1
39 68 8
39 69 9
39 70 7
39 73 8
39 76 7
39 79 10
39 80 4
39 81 4
39 82 5
39 85 7
39 87 1
39 88 10
39 89 2
39 91 1
39 92 8
39 94 1
39 95 3
39 97 8
39 98 1
39 99 6
40 1 5
40 2 2
40 3 6
40 5 6
40 8 10
40 9 2
40 13 2
40 15 7
40 18 7
40 19 1
40 20 5
40 21 1
40 23 7
40 26 5
40 27 2
40 28 9
40 29 1
40 31 10
40 34 2
40 35 10
40 42 3
40 43 8
40 44 4
40 45 3
40 48 4
40 50 3
40 51 1
40 53 2
40 56 9
40 62 3
40 65 8
40 67 10
40 68 5
40 69 4
40 72 6
40 73 7
40 77 3
40 79 2
40 80 3
40 86 8
40 87 1
40 88 8
40 89 1
40 91 1
40 92 2
40 93 1
40 99 7
41 2 10
41 3 8
41 6 3
41 8 1
41 14 9
41 16 5
41 18 5
41 19 2
41 30 2
41 33 10
41 34 2
41 35 7
41 38 2
41 42 1
41 44 2
41 46 10
41 49 6
41 50 7
41 51 2
41 52 1
41 53 8
41 55 3
41 63 7
41 66 1
41 70 10
41 71 10
41 72 9
41 76 8
41 77 7
41 80 6
41 82 8
41 87 10
41 88 4
41 89 4
41 90 6
41 91 1
41 92 7
41 93 8
41 94 6
41 95 10
41 96 3
41 99 5
42 1 1
42 2 6
42 5 3
42 6 1
42 8 1
42 10 2
42 11 3
42 13 7
42 17 2
42 19 9
42 21 3
42 22 6
42 23 9
42 25 5
42 26 2
42 29 1
42 30 6
42 31 8
42 33 9
42 35 10
42 37 10
42 39 4
42 40 3
42 41 1
42 43 1
42 51 8
42 53 2
42 55 6
42 56 2
42 57 10
42 58 7
42 62 2
42 63 2
42 65 5
42 67 6
42 70 7
42 71 7
42 72 5
42 74 2
42 76 9
42 77 6
42 78 4
42 79 2
42 80 3
42 81 3
42 86 1
42 87 8
42 96 4
42 97 1
42 99 7
43 1 6
43 3 1
43 4 6
43 6 8
43 9 4
43 11 7
43 12 7
43 13 10
43 14 3
43 15 9
43 18 6
43 23 4
43 24 2
43 26 1
43 28 9
43 30 7
43 31 1
43 34 6
43 36 2
43 38 7
43 40 8
43 42 1
43 44 1
43 45 7
43 47 5
43 48 8
43 49 9
43 52 1
43 53 8
43 55 1
43 56 3
43 62 8
43 64 10
43 65 3
43 66 2
43 68 4
43 69 1
43 72 7
43 73 1
43 74 4
43 77 1
43 78 6
43 79 1
43 80 1
43 81 7
43 83 10
43 85 3
43 86 9
43 88 9
43 90 4
43 94 1
43 95 3
43 97 9
43 99 4
44 1 9
44 2 6
44 4 9
44 5 8
44 6 10
44 8 3
44 9 2
44 15 8
44 18 1
44 19 5
44 20 3
44 21 3
44 26 2
44 27 10
44 29 7
44 30 6
44 33 4
44 34 7
44 36 8
44 39 8
44 40 4
44 41 2
44 43 1
44 47 8
44 50 1
44 52 5
44 53 6
44 54 7
44 56 1
44 57 9
44 58 6
44 59 2
44 62 3
44 63 5
44 64 4
44 66 9
44 69 2
44 72 9
44 74 2
44 77 10
44 78 5
44 81 6
44 82 5
44 85 9
44 86 9
44 87 6
44 89 9
44 90 6
44 92 2
44 96 10
44 97 10
44 98 9
44 99 8
45 3 8
45 4 5
45 6 2
45 9 8
45 11 7
45 15 7
45 18 10
45 21 5
45 23 1
45 24 2
45 27 4
45 28 8
45 29 6
45 31 4
45 35 7
45 36 5
45 37 6
45 38 4
45 40 3
45 43 7
45 47 10
45 48 6
45 49 10
45 51 3
45 52 10
45 54 4
45 55 7
45 58 1
45 59 6
45 60 6
45 61 2
45 62 9
45 72 8
45 76 6
45 77 2
45 81 6
45 83 4
45 84 3
45 85 1
45 88 5
45 91 5
45 94 9
45 95 3
45 96 3
45 99 10
46 1 9
46 2 8
46 3 8
46 7 9
46 8 3
46 9 1
46 11 2
46 13 9
46 14 8
46 15 8
46 19 7
46 20 1
46 23 6
46 24 3
46 26 1
46 31 4
46 32 5
46 34 5
46 41 10
46 47 10
46 48 10
46 49 2
46 50 7
46 56 5
46 57 6
46 58 4
46 59 9
46 63 6
46 65 1
46 66 7
46 68 2
46 71 6
46 73 9
46 75 6
46 78 10
46 80 5
46 84 9
46 85 8
46 90 5
46 92 3
46 93 9
46 96 2
46 97 7
46 99 9
47 3 7
47 12 8
47 14 1
47 15 2
47 16 3
47 18 2
47 19 10
47 21 6
47 22 8
47 24 5
47 25 8
47 26 4
47 27 1
47 30 3
47 31 8
47 34 3
47 35 1
47 36 8
47 43 5
47 44 8
47 45 10
47 46 10
47 50 5
47 51 4
47 54 1
47 56 9
47 57 5
47 62 9
47 63 9
47 64 7
47 65 5
47 66 8
47 67 8
47 68 10
47 69 3
47 73 6
47 79 5
47 80 4
47 81 2
47 82 9
47 83 7
47 84 1
47 90 9
47 91 7
47 94 8
47 95 1
47 96 4
47 97 4
47 99 10
48 5 5
48 10 1
48 11 5
48 12 4
48 13 3
48 15 10
48 18 6
48 20 7
48 21 10
48 22 6
48 23 4
48 25 7
48 30 7
48 33 8
48 34 8
48 37 3
48 39 2
48 40 4
48 43 8
48 45 6
48 46 10
48 51 6
48 52 10
48 53 10
48 54 6
48 55 2
48 59 7
48 62 4
48 64 3
48 66 9
48 67 10
48 69 1
48 70 5
48 71 5
48 79 3
48 80 5
48 81 7
48 82 7
48 83 3
48 85 2
48 87 7
48 94 4
48 96 8
48 98 9
48 99 5
49 1 1
49 2 5
49 3 6
49 4 2
49 5 2
49 6 9
49 7 2
49 8 2
49 9 2
49 10 6
49 14 6
49 15 3
49 19 6
49 20 8
49 22 4
49 25 1
49 27 2
49 28 8
49 29 6
49 30 7
49 37 5
49 38 6
49 39 1
49 41 6
49 43 9
49 45 10
49 46 2
49 50 8
49 51 3
49 52 1
49 54 2
49 58 5
49 59 8
49 61 8
49 67 2
49 68 4
49 73 4
49 74 10
49 76 6
49 80 3
49 81 3
49 83 9
49 84 1
49 87 6
49 90 2
49 91 1
49 93 5
49 95 4
49 96 1
50 1 5
50 2 4
50 3 7
50 4 3
50 5 7
50 7 1
50 8 2
50 10 4
50 11 2
50 12 4
50 13 3
50 14 1
50 15 9
50 16 3
50 18 8
50 19 7
50 20 9
50 26 7
50 27 1
50 28 2
50 31 10
50 32 1
50 33 1
50 36 3
50 38 7
50 39 6
50 40 3
50 41 7
50 44 1
50 46 7
50 47 5
50 49 8
50 51 2
50 52 3
50 54 3
50 56 10
50 57 9
50 58 9
50 59 7
50 61 9
50 64 10
50 65 6
50 66 2
50 68 10
50 70 10
50 73 5
50 74 10
50 75 7
50 78 7
50 80 10
50 81 6
50 82 3
50 85 3
50 86 6
50 87 1
50 92 1
50 93 4
50 94 9
50 95 4
50 97 4
51 3 3
51 4 9
51 8 5
51 9 10
51 10 7
51 14 3
51 15 10
51 16 1
51 17 4
51 20 7
51 21 2
51 24 3
51 25 4
51 27 2
51 28 3
51 33 6
51 35 3
51 36 8
51 38 6
51 39 8
51 40 1
51 41 2
51 42 8
51 45 3
51 47 4
51 48 6
51 49 3
51 50 2
51 59 1
51 61 1
51 64 1
51 66 5
51 70 9
51 73 2
51 74 3
51 75 1
51 76 10
51 78 1
51 79 10
51 80 9
51 81 6
51 83 4
51 86 4
51 87 4
51 88 1
51 92 7
51 97 9
52 7 6
52 9 10
52 13 5
52 15 9
52 16 5
52 24 3
52 25 3
52 26 10
52 27 5
52 31 8
52 32 5
52 33 7
52 34 9
52 35 10
52 39 10
52 41 1
52 43 1
52 44 5
52 45 10
52 48 10
52 49 1
52 50 3
52 54 3
52 55 6
52 57 7
52 58 3
52 60 9
52 62 10
52 63 9
52 65 7
52 67 9
52 68 6
52 69 5
52 71 7
52 74 9
52 75 10
52 76 5
52 81 5
52 83 9
52 84 3
52 85 1
52 87 2
52 89 5
52 93 4
52 95 2
52 97 3
52 98 2
52 99 7
53 2 7
53 4 9
53 7 6
53 8 7
53 9 1
53 10 9
53 12 9
53 13 3
53 14 1
53 16 1
53 22 9
53 27 9
53 28 7
53 29 1
53 31 5
53 32 4
53 33 10
53 34 9
53 39 7
53 40 2
53 41 8
53 42 2
53 43 8
53 44 6
53 48 10
53 54 9
53 56 7
53 57 3
53 58 2
53 60 7
53 64 3
53 66 3
53 68 4
53 71 5
53 73 4
53 74 4
53 76 6
53 79 10
53 83 7
53 84 3
53 85 3
53 86 5
53 91 10
53 92 5
53 93 8
53 94 1
54 3 3
54 7 10
54 9 6
54 10 5
54 13 8
54 14 1
54 15 6
54 16 10
54 19 8
54 20 2
54 22 6
54 23 10
54 24 4
54 25 8
54 26 3
54 34 6
54 44 7
54 45 4
54 47 1
54 48 6
54 49 2
54 50 3
54 52 3
54 53 9
54 55 9
54 56 9
54 57 7
54 58 4
54 64 10
54 65 3
54 67 10
54 71 1
54 74 10
54 75 6
54 77 6
54 78 9
54 80 9
54 83 9
54 84 6
54 85 8
54 86 10
54 88 7
54 89 10
54 91 3
54 94 8
54 95 9
54 96 5
54 97 7
54 99 7
55 1 10
55 3 6
55 4 5
55 5 10
55 7 5
55 11 6
55 16 3
55 18 8
55 20 1
55 21 6
55 22 1
55 25 7
55 28 5
55 29 6
55 34 10
55 35 4
55 37 5
55 41 3
55 42 6
55 43 1
55 45 7
55 48 2
55 52 6
55 54 9
55 56 5
55 57 9
55 59 4
55 60 4
55 61 4
55 62 4
55 63 5
55 65 6
55 69 7
55 71 4
55 73 4
55 74 9
55 76 2
55 78 8
55 82 9
55 87 5
55 88 6
55 93 2
55 95 3
55 96 9
55 97 6
55 99 3
56 1 1
56 3 3
56 6 4
56 10 4
56 11 3
56 12 6
56 16 1
56 17 10
56 19 10
56 20 7
56 21 9
56 25 3
56 26 9
56 27 7
56 28 10
56 30 9
56 31 4
56 33 6
56 35 8
56 36 2
56 38 9
56 40 9
56 42 2
56 43 3
56 44 1
56 46 5
56 47 9
56 50 10
56 53 7
56 54 9
56 55 5
56 59 2
56 60 8
56 61 10
56 71 7
56 72 10
56 74 6
56 78 5
56 80 10
56 82 7
56 84 10
56 87 9
56 92 6
56 93 3
56 94 7
56 95 6
56 97 7
56 98 1
56 99 2
57 1 8
57 2 2
57 7 3
57 8 2
57 9 10
57 10 6
57 11 2
57 13 1
57 16 4
57 20 10
57 25 3
57 26 2
57 27 7
57 28 2
57 29 1
57 30 7
57 33 10
57 35 5
57 37 6
57 38 5
57 39 6
57 42 10
57 44 9
57 46 6
57 47 5
57 50 9
57 52 7
57 53 3
57 54 7
57 55 9
57 58 5
57 59 8
57 64 7
57 65 10
57 68 2
57 69 1
57 71 8
57 72 7
57 74 8
57 77 6
57 78 5
57 81 5
57 84 5
57 85 7
57 87 6
57 90 9
57 97 1
57 99 9
58 1 6
58 2 10
58 6 5
58 7 7
58 8 1
58 10 4
58 12 2
58 13 1
58 14 5
58 16 4
58 18 5
58 20 4
58 24 8
58 25 3
58 26 1
58 27 1
58 28 3
58 29 7
58 32 4
58 33 7
58 35 3
58 36 9
58 37 1
58 42 7
58 44 6
58 45 1
58 46 4
58 49 5
58 50 9
58 52 3
58 53 2
58 54 4
58 57 5
58 59 4
58 62 7
58 63 8
58 64 8
58 65 4
58 66 7
58 67 2
58 70 10
58 72 2
58 73 6
58 75 7
58 77 8
58 80 7
58 81 7
58 82 5
58 85 10
58 88 8
58 89 8
58 91 7
58 94 10
58 99 4
59 1 7
59 2 3
59 3 1
59 4 9
59 5 9
59 6 8
59 13 5
59 14 4
59 15 8
59 18 9
59 19 1
59 20 6
59 21 1
59 22 7
59 23 10
59 24 7
59 25 9
59 29 7
59 31 10
59 32 9
59 35 3
59 36 9
59 38 6
59 44 2
59 45 6
59 46 9
59 48 7
59 49 8
59 50 7
59 51 1
59 55 4
59 56 2
59 57 8
59 58 4
59 61 8
59 62 9
59 64 6
59 65 10
59 66 10
59 70 2
59 71 8
59 73 6
59 76 4
59 77 3
59 78 7
59 79 8
59 81 8
59 83 6
59 84 7
59 85 2
59 87 1
59 88 6
59 89 5
59 95 10
59 98 10
59 99 2
60 1 2
60 3 2
60 4 4
60 6 5
60 7 9
60 8 3
60 11 9
60 13 7
60 14 1
60 15 7
60 18 8
60 19 10
60 22 5
60 23 9
60 24 1
60 28 5
60 29 7
60 31 7
60 33 3
60 36 4
60 37 8
60 45 6
60 52 9
60 53 7
60 55 4
60 56 8
60 61 3
60 66 5
60 67 4
60 69 3
60 71 7
60 73 1
60 74 3
60 77 6
60 78 9
60 79 1
60 82 1
60 85 9
60 87 8
60 89 6
60 91 10
60 92 1
60 93 5
60 96 3
60 97 3
60 98 4
60 99 2
61 4 6
61 5 1
61 10 8
61 11 7
61 12 7
61 13 5
61 14 5
61 17 10
61 19 3
61 21 8
61 22 10
61 25 4
61 27 7
61 30 6
61 32 2
61 35 6
61 37 1
61 45 2
61 49 8
61 50 9
61 51 1
61 55 4
61 56 10
61 59 8
61 60 3
61 62 10
61 63 10
61 64 2
61 65 3
61 66 9
61 68 6
61 71 5
61 73 1
61 79 2
61 81 7
61 83 8
61 84 4
61 86 9
61 88 7
61 89 7
61 90 10
61 93 7
61 94 1
61 96 10
61 98 3
61 99 9
62 2 6
62 3 9
62 4 10
62 5 7
62 6 7
62 8 1
62 10 3
62 11 5
62 13 7
62 15 8
62 16 10
62 19 6
62 28 2
62 29 5
62 30 6
62 32 4
62 33 5
62 34 3
62 37 10
62 38 9
62 40 3
62 42 2
62 43 8
62 44 3
62 45 9
62 47 9
62 48 4
62 52 10
62 55 4
62 58 7
62 59 9
62 61 10
62 64 7
62 66 2
62 67 1
62 69 3
62 73 1
62 76 9
62 78 10
62 79 7
62 81 9
62 82 3
62 84 1
62 85 5
62 86 7
62 88 1
62 95 6
62 96 8
62 99 10
63 1 6
63 2 4
63 4 10
63 5 2
63 7 10
63 9 7
63 13 10
63 17 7
63 18 2
63 19 8
63 21 6
63 22 7
63 25 5
63 26 4
63 27 7
63 28 4
63 30 3
63 32 3
63 33 7
63 35 9
63 36 9
63 41 7
63 42 2
63 44 5
63 46 6
63 47 9
63 52 9
63 55 5
63 58 8
63 61 10
63 64 7
63 66 4
63 70 7
63 71 1
63 72 5
63 74 1
63 75 8
63 76 5
63 77 8
63 78 1
63 79 9
63 81 2
63 82 7
63 84 4
63 85 4
63 86 10
63 94 10
63 96 2
63 97 5
64 2 1
64 3 3
64 4 4
64 8 2
64 10 1
64 12 6
64 17 9
64 22 4
64 23 8
64 24 6
64 26 9
64 28 5
64 30 9
64 31 6
64 33 1
64 36 8
64 43 10
64 44 4
64 47 7
64 48 3
64 50 10
64 51 1
64 53 3
64 54 10
64 57 7
64 58 8
64 59 6
64 61 2
64 62 7
64 63 7
64 66 1
64 67 6
64 77 3
64 78 8
64 81 9
64 82 6
64 83 6
64 84 3
64 85 4
64 86 10
64 88 10
64 89 9
64 90 3
64 93 1
64 95 8
64 96 2
64 97 3
64 98 6
64 99 1
65 3 2
65 5 5
65 13 9
65 17 7
65 19 8
65 21 2
65 22 5
65 26 10
65 28 7
65 29 4
65 31 6
65 33 6
65 34 5
65 35 7
65 36 7
65 40 8
65 42 5
65 43 3
65 46 1
65 47 5
65 50 6
65 52 7
65 54 3
65 55 6
65 57 10
65 58 4
65 59 10
65 61 3
65 68 4
65 70 8
65 71 2
65 73 8
65 76 9
65 81 9
65 82 6
65 85 1
65 89 7
65 92 8
65 93 7
65 96 4
65 97 7
66 2 7
66 4 1
66 6 2
66 8 1
66 10 2
66 12 4
66 13 6
66 18 8
66 19 4
66 20 7
66 21 5
66 22 7
66 23 8
66 24 7
66 25 1
66 28 7
66 29 5
66 30 3
66 32 3
66 35 7
66 36 7
66 37 2
66 38 3
66 39 8
66 41 1
66 43 2
66 44 9
66 46 7
66 47 8
66 48 9
66 50 2
66 51 5
66 53 3
66 58 7
66 59 10
66 60 5
66 61 9
66 62 2
66 63 4
66 64 1
66 67 8
66 69 2
66 71 7
66 72 8
66 73 2
66 75 8
66 78 1
66 79 8
66 82 8
66 84 7
66 87 10
66 88 7
66 90 8
66 91 9
66 92 8
66 96 2
66 97 8
66 98 10
66 99 7
67 2 5
67 4 4
67 5 8
67 6 9
67 11 3
67 12 5
67 15 5
67 16 10
67 20 2
67 22 8
67 23 8
67 25 7
67 30 8
67 31 7
67 32 4
67 35 2
67 36 9
67 38 6
67 39 1
67 40 10
67 42 6
67 47 8
67 48 10
67 49 2
67 52 9
67 54 10
67 58 2
67 60 4
67 62 1
67 64 6
67 66 8
67 68 3
67 71 2
67 73 8
67 76 2
67 78 3
67 81 4
67 82 1
67 83 7
67 84 10
67 86 5
67 89 8
67 90 6
67 92 3
67 96 5
67 97 2
67 98 7
68 2 1
68 3 10
68 6 4
68 8 5
68 9 4
68 10 10
68 12 9
68 16 8
68 18 10
68 19 4
68 20 9
68 22 4
68 27 8
68 28 9
68 29 1
68 33 4
68 35 8
68 36 6
68 37 9
68 39 8
68 40 5
68 43 4
68 46 2
68 47 10
68 49 4
68 50 10
68 52 6
68 53 4
68 57 2
68 61 6
68 65 4
68 67 3
68 71 6
68 72 5
68 73 10
68 74 2
68 75 3
68 76 3
68 79 1
68 84 6
68 85 2
68 88 5
68 89 1
68 92 9
68 95 6
68 96 7
68 97 10
68 98 4
68 99 5
69 1 2
69 3 10
69 4 8
69 8 5
69 10 5
69 11 4
69 12 1
69 13 1
69 14 4
69 15 2
69 16 10
69 17 9
69 18 8
69 19 8
69 21 1
69 28 8
69 29 4
69 30 7
69 33 9
69 35 9
69 36 10
69 37 1
69 38 5
69 39 9
69 40 4
69 43 1
69 44 2
69 47 3
69 48 1
69 52 5
69 55 7
69 57 1
69 60 3
69 62 3
69 66 2
69 72 8
69 73 3
69 75 9
69 76 7
69 80 9
69 81 5
69 82 7
69 83 8
69 84 5
69 85 6
69 88 9
69 89 5
69 90 3
69 91 6
69 94 4
69 95 2
69 96 7
70 1 4
70 4 4
70 6 5
70 7 7
70 8 2
70 9 5
70 11 3
70 12 1
70 13 7
70 14 5
70 19 5
70 20 5
70 21 9
70 24 10
70 25 6
70 26 5
70 30 8
70 31 3
70 33 1
70 36 7
70 37 4
70 39 7
70 41 10
70 42 7
70 48 5
70 50 10
70 51 9
70 58 10
70 59 2
70 63 7
70 65 8
70 71 4
70 72 4
70 74 6
70 75 5
70 79 1
70 82 5
70 85 7
70 86 10
70 87 1
70 90 5
70 93 10
70 94 10
70 97 1
70 98 9
71 3 1
71 6 10
71 7 10
71 8 1
71 9 2
71 10 3
71 16 7
71 17 2
71 19 4
71 22 10
71 23 3
71 25 8
71 26 8
71 29 1
71 32 10
71 33 3
71 34 7
71 41 10
71 42 7
71 46 6
71 48 5
71 52 7
71 53 5
71 54 1
71 55 4
71 56 7
71 57 8
71 59 8
71 60 7
71 61 5
71 63 1
71 65 2
71 66 7
71 67 2
71 68 6
71 70 4
71 73 1
71 76 7
71 77 2
71 78 4
71 79 3
71 81 9
71 82 9
71 85 1
71 86 6
71 90 1
71 93 8
71 95 9
71 96 1
72 3 4
72 6 2
72 9 8
72 10 10
72 11 7
72 14 5
72 17 6
72 18 3
72 19 1
72 20 8
72 22 7
72 25 10
72 27 6
72 28 4
72 29 6
72 30 10
72 32 6
72 33 4
72 34 3
72 35 7
72 37 4
72 40 6
72 41 9
72 42 5
72 43 7
72 44 9
72 45 8
72 56 10
72 57 7
72 58 2
72 63 5
72 66 8
72 68 5
72 69 8
72 70 4
72 75 6
72 78 1
72 79 5
72 80 1
72 81 9
72 82 10
72 83 8
72 88 9
72 90 5
72 91 3
72 92 4
72 97 3
72 98 5
72 99 3
73 1 9
73 8 8
73 10 9
73 11 8
73 12 9
73 13 9
73 14 8
73 15 4
73 16 1
73 17 9
73 18 1
73 20 4
73 21 3
73 22 2
73 25 3
73 26 9
73 31 1
73 33 1
73 34 7
73 35 4
73 39 8
73 40 7
73 43 1
73 46 9
73 47 6
73 49 4
73 50 5
73 51 2
73 53 4
73 55 4
73 58 6
73 59 6
73 60 1
73 61 1
73 62 1
73 65 8
73 66 2
73 67 8
73 68 10
73 69 3
73 71 1
73 75 7
73 76 3
73 81 6
73 82 3
73 83 8
73 84 1
73 87 2
73 89 7
73 91 4
73 93 7
73 95 10
73 96 3
73 97 1
73 98 5
74 5 5
74 6 3
74 7 10
74 8 10
74 10 9
74 11 8
74 12 3
74 13 8
74 16 5
74 17 2
74 24 5
74 25 3
74 26 7
74 27 3
74 33 7
74 35 10
74 36 8
74 42 2
74 43 4
74 44 2
74 49 10
74 50 10
74 51 3
74 52 9
74 53 4
74 54 10
74 55 9
74 56 6
74 57 8
74 60 3
74 63 1
74 68 2
74 70 6
74 76 3
74 77 3
74 78 9
74 79 1
74 80 8
74 81 9
74 83 3
74 84 8
74 85 5
74 86 10
74 88 4
74 90 2
74 93 5
74 96 10
74 97 1
74 98 2
75 3 8
75 4 6
75 5 6
75 7 5
75 8 4
75 9 1
75 10 8
75 11 9
75 14 5
75 15 6
75 16 1
75 17 9
75 19 2
75 21 7
75 22 1
75 25 7
75 26 9
75 28 5
75 29 1
75 31 2
75 33 10
75 34 3
75 36 9
75 37 2
75 46 6
75 50 7
75 51 1
75 52 10
75 54 6
75 58 7
75 63 8
75 66 8
75 68 3
75 69 9
75 70 5
75 72 6
75 73 7
75 76 10
75 82 7
75 83 10
75 84 4
75 87 2
75 93 7
75 95 1
75 97 7
75 99 10
76 1 2
76 2 1
76 3 5
76 4 1
76 5 7
76 8 10
76 11 7
76 13 1
76 14 8
76 15 1
76 16 3
76 18 9
76 20 5
76 21 5
76 23 2
76 25 4
76 26 5
76 27 6
76 28 3
76 32 2
76 34 8
76 37 1
76 39 7
76 41 8
76 42 9
76 45 6
76 49 6
76 51 10
76 52 5
76 53 6
76 55 2
76 59 4
76 62 9
76 63 5
76 65 9
76 67 2
76 68 3
76 69 7
76 71 7
76 73 3
76 74 3
76 75 10
76 77 5
76 78 10
76 80 8
76 83 2
76 86 2
76 87 6
76 89 4
76 91 1
76 93 6
76 94 5
76 95 2
76 96 3
76 97 6
77 2 10
77 5 7
77 6 8
77 9 1
77 10 7
77 12 7
77 15 5
77 17 4
77 19 6
77 20 2
77 25 8
77 28 5
77 29 9
77 31 3
77 32 7
77 35 3
77 36 9
77 37 3
77 38 5
77 40 3
77 41 7
77 42 6
77 43 1
77 44 10
77 45 2
77 54 6
77 57 6
77 58 8
77 59 3
77 60 6
77 63 8
77 64 3
77 71 2
77 74 3
77 76 5
77 78 9
77 85 2
77 86 6
77 87 1
77 90 5
77 91 5
77 92 3
77 94 10
77 95 4
77 98 7
78 1 9
78 2 7
78 3 10
78 4 5
78 5 9
78 7 10
78 10 4
78 15 1
78 17 6
78 19 10
78 20 3
78 21 10
78 22 1
78 23 7
78 25 6
78 28 8
78 29 1
78 30 4
78 31 8
78 34 1
78 36 9
78 38 2
78 42 4
78 43 6
78 44 5
78 46 10
78 50 7
78 51 1
78 54 9
78 55 8
78 56 5
78 57 5
78 59 7
78 60 9
78 62 10
78 63 1
78 64 8
78 66 1
78 67 3
78 71 4
78 72 1
78 74 9
78 76 10
78 77 9
78 82 7
78 84 4
78 91 1
78 93 2
78 95 1
78 96 10
78 98 7
79 6 8
79 7 7
79 10 10
79 12 3
79 13 4
79 15 3
79 17 10
79 20 9
79 24 7
79 25 4
79 27 10
79 30 4
79 31 7
79 32 1
79 33 3
79 34 2
79 36 9
79 38 8
79 39 10
79 40 2
79 42 2
79 43 1
79 47 5
79 48 3
79 51 10
79 53 10
79 59 8
79 60 1
79 61 2
79 62 7
79 63 9
79 66 8
79 68 1
79 70 1
79 71 3
79 72 5
79 74 1
79 80 6
79 81 8
79 84 4
79 87 2
79 91 7
79 93 4
79 95 4
80 9 5
80 10 5
80 14 4
80 16 3
80 17 6
80 18 7
80 19 4
80 22 5
80 24 10
80 25 4
80 26 2
80 27 8
80 28 3
80 30 9
80 34 7
80 35 10
80 36 9
80 38 7
80 39 4
80 40 3
80 41 6
80 42 3
80 43 1
80 46 5
80 47 4
80 48 5
80 49 3
80 50 10
80 51 9
80 54 9
80 56 10
80 58 7
80 69 9
80 72 1
80 74 8
80 76 8
80 79 6
80 81 3
80 82 2
80 83 6
80 84 3
80 85 7
80 87 4
80 90 1
80 92 6
80 94 6
80 95 10
80 98 7
80 99 10
81 1 10
81 2 4
81 3 4
81 4 6
81 7 6
81 8 9
81 11 4
81 12 10
81 14 9
81 17 1
81 18 5
81 20 9
81 22 7
81 24 10
81 26 5
81 28 7
81 35 1
81 39 4
81 42 3
81 43 7
81 44 6
81 45 6
81 47 2
81 48 7
81 49 3
81 50 6
81 51 6
81 52 5
81 57 5
81 58 7
81 59 8
81 61 7
81 62 9
81 63 2
81 64 9
81 65 9
81 67 4
81 69 5
81 71 9
81 72 9
81 73 6
81 74 9
81 79 8
81 80 3
81 83 8
81 85 8
81 87 7
81 90 7
81 91 1
81 92 7
81 97 9
81 98 8
81 99 2
82 3 2
82 4 5
82 5 9
82 6 6
82 8 10
82 9 10
82 10 9
82 11 4
82 15 3
82 17 5
82 24 3
82 28 7
82 36 10
82 37 4
82 39 5
82 41 8
82 44 5
82 47 9
82 48 7
82 50 3
82 55 9
82 56 7
82 58 5
82 60 1
82 62 3
82 63 7
82 64 6
82 65 6
82 66 8
82 67 1
82 69 7
82 70 5
82 71 9
82 72 10
82 73 3
82 75 7
82 78 7
82 80 2
82 83 8
82 85 7
82 88 4
82 90 4
82 92 1
82 93 6
82 95 3
82 96 2
83 1 5
83 2 2
83 3 3
83 4 7
83 5 7
83 6 9
83 8 3
83 9 6
83 10 10
83 13 2
83 15 8
83 16 8
83 17 5
83 19 5
83 20 8
83 21 6
83 22 9
83 23 1
83 25 10
83 26 1
83 29 4
83 30 10
83 32 9
83 33 9
83 34 3
83 35 3
83 36 1
83 43 10
83 45 4
83 47 7
83 48 3
83 49 9
83 51 4
83 52 9
83 53 7
83 54 9
83 59 6
83 61 8
83 64 6
83 67 7
83 69 8
83 72 8
83 73 8
83 74 3
83 75 10
83 76 2
83 80 6
83 81 8
83 82 8
83 85 9
83 86 5
83 87 6
83 89 9
83 90 10
83 92 1
83 94 4
83 96 3
83 97 8
83 99 5
84 1 4
84 5 9
84 6 9
84 7 5
84 8 3
84 9 9
84 11 6
84 12 9
84 13 6
84 14 3
84 15 7
84 17 4
84 18 9
84 19 1
84 20 9
84 21 8
84 22 3
84 23 3
84 26 1
84 28 2
84 30 3
84 31 7
84 32 7
84 33 9
84 34 2
84 37 10
84 45 3
84 46 9
84 47 1
84 49 1
84 52 3
84 53 3
84 54 6
84 56 10
84 57 5
84 59 7
84 61 4
84 62 1
84 63 4
84 64 3
84 66 7
84 67 10
84 68 6
84 69 5
84 73 1
84 74 8
84 75 4
84 78 4
84 79 4
84 80 3
84 85 10
84 86 4
84 89 10
84 90 6
84 91 3
84 92 2
84 93 3
84 99 5
85 2 9
85 3 6
85 4 8
85 7 8
85 8 9
85 9 8
85 14 4
85 17 7
85 19 5
85 21 7
85 22 4
85 24 9
85 26 4
85 28 5
85 29 9
85 30 4
85 32 4
85 36 5
85 37 9
85 38 8
85 39 7
85 43 3
85 44 9
85 45 1
85 46 8
85 48 2
85 50 3
85 52 1
85 53 3
85 54 8
85 57 7
85 58 10
85 59 2
85 60 9
85 62 5
85 63 4
85 64 4
85 65 1
85 68 2
85 69 6
85 70 7
85 71 1
85 74 5
85 77 2
85 80 7
85 81 8
85 82 7
85 83 9
85 84 10
85 86 2
85 87 5
85 88 1
85 90 7
85 93 10
85 94 1
85 96 10
86 3 2
86 4 10
86 5 4
86 8 7
86 9 2
86 12 3
86 13 8
86 14 7
86 15 2
86 16 4
86 26 1
86 27 4
86 31 1
86 32 10
86 37 4
86 40 8
86 42 1
86 43 9
86 44 9
86 50 6
86 51 4
86 53 5
86 54 10
86 61 9
86 62 7
86 63 10
86 64 10
86 67 5
86 70 10
86 71 6
86 74 10
86 76 2
86 77 6
86 83 5
86 84 4
86 85 2
86 89 7
86 91 3
86 93 7
86 95 9
86 96 9
86 97 10
86 98 6
86 99 6
87 6 8
87 8 8
87 9 3
87 10 3
87 11 7
87 13 9
87 14 2
87 15 9
87 17 9
87 18 6
87 19 9
87 23 1
87 24 3
87 26 6
87 27 8
87 28 5
87 30 8
87 32 1
87 33 6
87 36 4
87 37 2
87 39 1
87 40 1
87 41 10
87 42 8
87 44 6
87 48 7
87 49 6
87 50 1
87 51 4
87 52 2
87 55 5
87 56 9
87 57 6
87 59 1
87 60 8
87 66 10
87 70 1
87 73 2
87 75 2
87 76 6
87 77 1
87 79 2
87 80 4
87 81 7
87 83 6
87 85 5
87 88 9
87 89 3
87 96 2
87 98 1
87 99 3
88 2 6
88 4 6
88 7 3
88 10 1
88 11 3
88 13 7
88 14 10
88 16 8
88 17 3
88 19 10
88 20 6
88 21 1
88 23 3
88 26 4
88 27 1
88 37 5
88 39 10
88 40 8
88 41 4
88 43 9
88 45 5
88 51 1
88 54 7
88 55 6
88 58 8
88 59 6
88 61 7
88 62 1
88 64 10
88 66 7
88 68 5
88 69 9
88 72 9
88 74 4
88 82 4
88 85 1
88 87 9
88 95 1
88 96 2
88 98 8
89 1 2
89 5 7
89 6 2
89 7 2
89 8 4
89 10 5
89 11 4
89 15 7
89 18 6
89 20 2
89 21 3
89 22 3
89 26 2
89 28 7
89 33 10
89 38 2
89 39 2
89 40 1
89 41 4
89 44 9
89 52 5
89 54 10
89 58 8
89 59 5
89 60 6
89 61 7
89 64 9
89 65 7
89 67 8
89 68 1
89 69 5
89 73 7
89 76 4
89 83 9
89 84 10
89 86 7
89 87 3
89 91 8
89 92 6
89 95 8
89 96 8
89 98 9
89 99 4
90 1 2
90 3 9
90 4 8
90 6 5
90 7 4
90 8 9
90 9 7
90 11 8
90 13 9
90 18 10
90 20 1
90 21 2
90 22 10
90 23 1
90 25 10
90 27 5
90 28 7
90 31 8
90 33 5
90 41 6
90 43 4
90 44 6
90 46 5
90 47 9
90 49 2
90 57 9
90 61 10
90 64 3
90 66 8
90 67 6
90 69 3
90 70 5
90 71 1
90 72 5
90 74 2
90 77 5
90 80 1
90 81 7
90 82 4
90 83 10
90 84 6
90 85 7
90 92 3
90 97 1
91 1 10
91 2 7
91 7 5
91 8 1
91 12 6
91 14 2
91 20 4
91 23 1
91 25 7
91 27 10
91 29 5
91 32 6
91 34 7
91 35 2
91 37 8
91 39 1
91 40 1
91 41 1
91 45 5
91 47 7
91 49 1
91 53 10
91 54 3
91 58 7
91 60 10
91 66 9
91 69 6
91 72 3
91 73 4
91 76 1
91 77 5
91 78 1
91 79 7
91 81 1
91 84 3
91 86 3
91 89 8
91 94 8
91 96 6
91 97 4
92 2 9
92 5 7
92 6 9
92 8 4
92 9 2
92 10 4
92 11 5
92 12 1
92 15 5
92 25 7
92 26 1
92 27 9
92 28 1
92 29 8
92 30 8
92 31 6
92 32 6
92 34 10
92 39 8
92 40 2
92 41 7
92 44 2
92 46 3
92 50 1
92 51 7
92 53 5
92 56 6
92 60 1
92 65 8
92 66 8
92 67 3
92 68 9
92 72 4
92 77 3
92 80 6
92 81 7
92 82 1
92 83 1
92 84 2
92 89 6
92 90 3
92 93 3
92 96 9
92 97 5
93 1 1
93 3 6
93 4 3
93 5 8
93 7 10
93 8 1
93 9 9
93 12 7
93 14 2
93 15 5
93 16 5
93 19 3
93 20 4
93 21 1
93 22 5
93 23 3
93 26 8
93 27 2
93 32 6
93 33 2
93 34 1
93 37 4
93 38 6
93 40 1
93 41 8
93 46 9
93 49 5
93 50 4
93 52 4
93 53 8
93 55 2
93 56 3
93 60 5
93 61 7
93 64 1
93 65 7
93 70 10
93 71 8
93 73 7
93 74 5
93 75 7
93 76 6
93 78 2
93 79 4
93 82 6
93 84 3
93 85 10
93 86 7
93 92 3
93 94 6
93 98 10
93 99 5
94 2 5
94 5 10
94 10 3
94 11 3
94 12 5
94 13 4
94 15 9
94 17 5
94 19 3
94 21 9
94 22 7
94 23 8
94 24 2
94 25 8
94 26 5
94 28 6
94 29 6
94 30 3
94 31 7
94 35 5
94 39 1
94 41 6
94 43 1
94 45 9
94 47 8
94 48 4
94 50 9
94 53 1
94 54 8
94 56 7
94 58 10
94 61 1
94 63 10
94 69 4
94 70 10
94 76 5
94 77 10
94 80 6
94 83 4
94 85 1
94 91 8
94 93 6
94 96 1
94 97 1
94 98 8
95 3 8
95 6 9
95 7 7
95 8 3
95 10 2
95 11 6
95 12 10
95 13 8
95 16 3
95 17 6
95 20 5
95 21 9
95 23 2
95 26 9
95 29 9
95 30 6
95 32 1
95 36 8
95 37 2
95 39 3
95 41 10
95 43 3
95 45 3
95 47 1
95 49 4
95 50 4
95 52 2
95 54 9
95 55 3
95 56 6
95 59 10
95 62 6
95 64 8
95 68 6
95 69 2
95 71 9
95 73 10
95 75 1
95 76 2
95 77 4
95 78 1
95 79 4
95 80 10
95 82 3
95 86 9
95 88 1
95 89 8
95 99 8
96 2 4
96 4 6
96 6 6
96 11 9
96 13 7
96 14 9
96 16 1
96 17 1
96 18 10
96 19 3
96 20 7
96 22 1
96 23 1
96 24 5
96 25 1
96 27 6
96 29 2
96 30 5
96 32 9
96 37 5
96 38 3
96 41 3
96 42 4
96 44 10
96 45 3
96 46 2
96 47 4
96 48 8
96 49 1
96 54 5
96 55 9
96 60 3
96 61 10
96 62 8
96 63 2
96 64 2
96 65 4
96 66 2
96 67 5
96 68 7
96 69 7
96 71 1
96 73 3
96 74 10
96 76 3
96 78 10
96 82 2
96 83 3
96 85 10
96 86 9
96 87 2
96 88 2
96 89 8
96 91 6
96 92 9
96 94 1
96 99 1
97 12 4
97 14 10
97 15 2
97 16 6
97 23 2
97 27 4
97 29 3
97 33 9
97 37 1
97 38 9
97 39 8
97 42 1
97 43 9
97 44 10
97 46 7
97 47 4
97 50 4
97 51 9
97 52 3
97 54 7
97 55 6
97 56 7
97 57 1
97 60 3
97 63 5
97 64 3
97 65 7
97 66 8
97 67 2
97 68 10
97 70 1
97 72 3
97 73 1
97 74 1
97 75 7
97 76 6
97 81 9
97 83 8
97 86 10
97 90 1
97 91 4
97 92 5
97 94 1
97 98 4
98 2 7
98 3 9
98 4 4
98 5 8
98 6 1
98 7 3
98 9 7
98 11 1
98 13 7
98 15 3
98 16 4
98 17 1
98 20 8
98 22 6
98 23 1
98 26 9
98 27 3
98 28 8
98 30 6
98 33 9
98 38 5
98 39 1
98 44 9
98 48 9
98 52 2
98 56 1
98 59 10
98 60 4
98 61 3
98 64 6
98 66 10
98 67 7
98 68 4
98 70 9
98 72 5
98 73 5
98 74 2
98 77 7
98 78 7
98 80 7
98 81 8
98 86 6
98 87 1
98 88 8
98 89 9
98 93 10
98 94 8
98 97 4
4 t 9
6 t 1
7 t 9
8 t 2
9 t 7
12 t 10
14 t 3
16 t 4
18 t 10
20 t 4
21 t 5
23 t 7
24 t 4
30 t 1
31 t 9
32 t 3
33 t 7
39 t 6
40 t 7
41 t 5
42 t 7
43 t 4
44 t 8
45 t 10
46 t 9
47 t 10
48 t 5
52 t 7
54 t 7
55 t 3
56 t 2
57 t 9
58 t 4
59 t 2
60 t 2
61 t 9
62 t 10
64 t 1
66 t 7
68 t 5
72 t 3
75 t 10
80 t 10
81 t 2
83 t 5
84 t 5
86 t 6
87 t 3
89 t 4
93 t 5
95 t 8
96 t 1
