s 2 10
s 6 4
s 7 8
s 8 2
s 10 1
s 13 6
s 16 8
1 2 4
1 3 1
1 4 10
1 5 5
1 6 5
1 7 8
1 8 6
1 12 4
1 13 2
1 14 8
1 16 2
1 18 1
1 19 9
2 1 4
2 3 2
2 4 10
2 8 10
2 9 8
2 10 2
2 11 6
2 13 5
2 14 8
2 16 2
2 17 3
2 18 3
2 19 5
3 1 1
3 2 2
3 7 8
3 8 4
3 11 1
3 13 7
3 16 2
3 18 9
3 19 7
4 1 10
4 2 10
4 7 8
4 12 7
4 18 8
4 19 10
5 1 5
5 7 6
5 8 7
5 9 8
5 10 7
5 11 1
5 15 4
5 17 4
5 19 1
6 1 5
6 8 10
6 10 2
6 12 7
6 14 9
6 16 10
7 1 8
7 3 8
7 4 8
7 5 6
7 8 2
7 9 1
7 10 9
7 11 1
7 13 3
7 16 2
7 17 2
8 1 6
8 2 10
8 3 4
8 5 7
8 6 10
8 7 2
8 9 9
8 11 7
8 12 5
8 17 1
8 18 10
8 19 2
9 2 8
9 5 8
9 7 1
9 8 9
9 10 8
9 11 3
9 15 2
9 16 6
9 17 2
9 19 8
10 2 2
10 5 7
10 6 2
10 7 9
10 9 8
10 12 7
10 14 2
10 15 6
10 17 5
11 2 6
11 3 1
11 5 1
11 7 1
11 8 7
11 9 3
11 12 10
11 16 7
11 17 5
11 19 9
12 1 4
12 4 7
12 6 7
12 8 5
12 10 7
12 11 10
12 13 2
12 14 6
12 16 1
12 17 6
13 1 2
13 2 5
13 3 7
13 7 3
13 12 2
13 14 8
13 16 9
13 19 5
14 1 8
14 2 8
14 6 9
14 10 2
14 12 6
14 13 8
14 15 7
14 17 3
15 5 4
15 9 2
15 10 6
15 14 7
15 16 9
15 17 10
15 19 10
16 1 2
16 2 2
16 3 2
16 6 10
16 7 2
16 9 6
16 11 7
16 12 1
16 13 9
16 15 9
16 18 1
16 19 1
17 2 3
17 5 4
17 7 2
17 8 1
17 9 2
17 10 5
17 11 5
17 12 6
17 14 3
17 15 10
17 18 1
18 1 1
18 2 3
18 3 9
18 4 8
18 8 10
18 16 1
18 17 1
1 t 9
2 t 5
3 t 7
4 t 10
5 t 1
8 t 2
9 t 8
11 t 9
13 t 5
15 t 10
16 t 1
