s 3 7
s 6 6
s 7 9
s 8 7
s 14 3
s 18 1
s 19 3
s 23 5
s 24 9
s 26 10
s 27 5
s 28 1
s 29 7
1 3 4
1 4 2
1 5 4
1 6 7
1 7 5
1 8 3
1 12 7
1 14 6
1 16 6
1 18 1
1 20 1
1 21 9
1 22 4
1 25 2
1 26 6
1 29 2
2 3 1
2 4 10
2 9 7
2 10 9
2 12 6
2 13 7
2 16 4
2 18 6
2 19 8
2 21 10
2 24 6
2 25 7
2 26 8
2 27 2
2 28 2
3 1 4
3 2 1
3 4 5
3 6 2
3 7 10
3 9 8
3 12 3
3 13 8
3 14 9
3 15 9
3 18 3
3 19 4
3 21 5
3 23 1
3 25 7
3 27 3
4 1 2
4 2 10
4 3 5
4 8 5
4 9 4
4 10 8
4 13 4
4 15 2
4 17 9
4 18 1
4 20 2
4 21 4
4 24 1
4 25 1
4 26 4
4 28 7
4 29 10
5 1 4
5 6 2
5 7 4
5 9 2
5 11 1
5 13 2
5 19 7
5 20 8
5 21 1
5 23 2
5 24 7
5 25 10
5 27 7
5 28 10
6 1 7
6 3 2
6 5 2
6 7 10
6 8 7
6 11 3
6 16 1
6 17 7
6 18 2
6 22 1
6 25 3
6 28 2
6 29 2
7 1 5
7 3 10
7 5 4
7 6 10
7 12 3
7 14 8
7 17 8
7 18 1
7 20 9
7 21 10
7 24 2
7 25 5
7 28 8
7 29 9
8 1 3
8 4 5
8 6 7
8 9 9
8 10 4
8 12 5
8 13 6
8 15 5
8 18 8
8 19 6
8 20 6
8 22 2
8 28 1
8 29 3
9 2 7
9 3 8
9 4 4
9 5 2
9 8 9
9 10 6
9 13 5
9 15 3
9 17 6
9 19 5
9 23 6
9 24 10
9 29 3
10 2 9
10 4 8
10 8 4
10 9 6
10 12 8
10 13 5
10 19 8
10 21 8
10 23 6
10 24 7
10 26 5
11 5 1
11 6 3
11 12 4
11 13 2
11 14 7
11 18 8
11 19 4
11 20 6
11 21 7
11 23 6
11 24 4
11 25 3
11 26 8
11 28 6
12 1 7
12 2 6
12 3 3
12 7 3
12 8 5
12 10 8
12 11 4
12 14 4
12 15 2
12 18 3
12 20 2
12 21 6
12 22 2
12 23 10
12 24 9
12 25 7
12 26 8
12 27 1
12 28 6
12 29 9
13 2 7
13 3 8
13 4 4
13 5 2
13 8 6
13 9 5
13 10 5
13 11 2
13 14 10
13 17 3
13 18 3
13 21 6
13 23 8
13 25 10
13 26 9
13 27 2
13 28 3
14 1 6
14 3 9
14 7 8
14 11 7
14 12 4
14 13 10
14 16 2
14 17 7
14 20 2
14 21 4
14 23 8
14 24 4
14 26 7
14 27 7
15 3 9
15 4 2
15 8 5
15 9 3
15 12 2
15 17 2
15 18 9
15 19 9
15 23 5
15 24 4
15 25 10
15 29 10
16 1 6
16 2 4
16 6 1
16 14 2
16 17 3
16 18 6
16 20 7
16 21 2
16 25 3
16 27 3
17 4 9
17 6 7
17 7 8
17 9 6
17 13 3
17 14 7
17 15 2
17 16 3
17 19 9
17 20 7
17 21 10
17 22 7
17 24 1
17 29 4
18 1 1
18 2 6
18 3 3
18 4 1
18 6 2
18 7 1
18 8 8
18 11 8
18 12 3
18 13 3
18 15 9
18 16 6
18 20 8
18 21 10
18 22 1
18 24 8
18 25 10
18 26 8
18 28 5
19 2 8
19 3 4
19 5 7
19 8 6
19 9 5
19 10 8
19 11 4
19 15 9
19 17 9
19 20 10
19 22 3
19 24 1
19 26 10
19 28 1
19 29 2
20 1 1
20 4 2
20 5 8
20 7 9
20 8 6
20 11 6
20 12 2
20 14 2
20 16 7
20 17 7
20 18 8
20 19 10
20 22 3
20 24 3
20 25 7
20 27 3
20 28 6
20 29 5
21 1 9
21 2 10
21 3 5
21 4 4
21 5 1
21 7 10
21 10 8
21 11 7
21 12 6
21 13 6
21 14 4
21 16 2
21 17 10
21 18 10
21 23 6
21 24 1
21 26 5
21 27 5
21 28 5
21 29 8
22 1 4
22 6 1
22 8 2
22 12 2
22 17 7
22 18 1
22 19 3
22 20 3
22 23 10
22 25 2
22 28 3
23 3 1
23 5 2
23 9 6
23 10 6
23 11 6
23 12 10
23 13 8
23 14 8
23 15 5
23 21 6
23 22 10
23 24 3
23 26 4
23 27 2
23 28 5
23 29 7
24 2 6
24 4 1
24 5 7
24 7 2
24 9 10
24 10 7
24 11 4
24 12 9
24 14 4
24 15 4
24 17 1
24 18 8
24 19 1
24 20 3
24 21 1
24 23 3
24 26 1
24 28 3
25 1 2
25 2 7
25 3 7
25 4 1
25 5 10
25 6 3
25 7 5
25 11 3
25 12 7
25 13 10
25 15 10
25 16 3
25 18 10
25 20 7
25 22 2
25 28 7
26 1 6
26 2 8
26 4 4
26 10 5
26 11 8
26 12 8
26 13 9
26 14 7
26 18 8
26 19 10
26 21 5
26 23 4
26 24 1
27 2 2
27 3 3
27 5 7
27 12 1
27 13 2
27 14 7
27 16 3
27 20 3
27 21 5
27 23 2
27 28 9
27 29 1
28 2 2
28 4 7
28 5 10
28 6 2
28 7 8
28 8 1
28 11 6
28 12 6
28 13 3
28 18 5
28 19 1
28 20 6
28 21 5
28 22 3
28 23 5
28 24 3
28 25 7
28 27 9
1 t 2
4 t 10
6 t 2
7 t 9
8 t 3
9 t 3
12 t 9
15 t 10
17 t 4
19 t 2
20 t 5
21 t 8
23 t 7
27 t 1
