s 3 6
s 4 8
s 6 3
s 9 1
s 10 8
s 11 5
s 14 1
s 15 7
s 16 9
s 17 10
s 18 4
s 20 7
s 23 5
s 24 7
s 26 8
s 27 8
s 28 8
s 30 7
s 36 5
1 2 9
1 3 7
1 4 1
1 5 4
1 8 3
1 9 3
1 11 1
1 12 7
1 13 2
1 14 1
1 15 10
1 17 9
1 18 7
1 19 7
1 21 4
1 24 8
1 26 10
1 28 2
1 32 1
1 34 4
1 38 9
2 1 9
2 3 8
2 4 1
2 6 9
2 7 7
2 12 6
2 14 4
2 15 1
2 16 10
2 17 6
2 21 5
2 22 9
2 23 1
2 28 4
2 30 10
2 31 5
2 33 2
2 35 2
2 36 8
3 1 7
3 2 8
3 6 8
3 8 10
3 9 6
3 12 7
3 14 8
3 15 1
3 17 6
3 19 7
3 20 10
3 23 4
3 24 10
3 25 10
3 26 6
3 28 10
3 29 6
3 32 9
3 34 9
3 37 5
3 38 7
4 1 1
4 2 1
4 6 5
4 10 1
4 12 8
4 14 5
4 15 2
4 17 5
4 18 8
4 19 9
4 21 1
4 22 10
4 23 2
4 24 6
4 25 6
4 28 4
4 31 3
4 32 2
4 33 8
4 34 4
4 35 2
4 36 4
5 1 4
5 6 10
5 8 2
5 12 2
5 15 8
5 16 10
5 17 8
5 18 6
5 19 5
5 20 10
5 22 3
5 23 7
5 25 7
5 28 7
5 32 6
5 35 8
5 38 6
5 39 1
6 2 9
6 3 8
6 4 5
6 5 10
6 7 7
6 8 2
6 9 5
6 12 10
6 13 4
6 14 5
6 18 4
6 19 7
6 21 8
6 23 10
6 24 4
6 29 4
6 30 4
6 33 8
6 34 4
6 35 5
6 36 6
6 38 4
6 39 7
7 2 7
7 6 7
7 8 10
7 9 5
7 10 4
7 11 8
7 12 7
7 13 7
7 14 9
7 15 8
7 16 9
7 17 9
7 19 9
7 20 5
7 22 8
7 25 5
7 32 5
7 35 9
8 1 3
8 3 10
8 5 2
8 6 2
8 7 10
8 9 4
8 12 4
8 15 9
8 16 3
8 17 2
8 19 6
8 21 9
8 24 8
8 25 5
8 26 3
8 28 10
8 30 3
8 31 3
8 33 3
8 34 4
8 36 9
8 37 1
8 39 9
9 1 3
9 3 6
9 6 5
9 7 5
9 8 4
9 11 6
9 12 8
9 14 8
9 15 1
9 17 2
9 18 8
9 19 4
9 20 3
9 21 8
9 25 4
9 26 1
9 27 2
9 29 9
9 30 5
9 31 7
9 32 2
9 33 6
9 34 5
9 36 3
9 37 1
9 38 10
10 4 1
10 7 4
10 15 10
10 16 7
10 17 2
10 19 2
10 22 6
10 24 4
10 25 5
10 27 7
10 28 6
10 31 8
10 34 8
10 36 2
10 37 4
10 38 9
11 1 1
11 7 8
11 9 6
11 12 2
11 13 2
11 15 5
11 17 6
11 18 9
11 19 8
11 20 2
11 21 1
11 25 3
11 29 8
11 30 5
11 33 9
11 36 8
11 37 10
12 1 7
12 2 6
12 3 7
12 4 8
12 5 2
12 6 10
12 7 7
12 8 4
12 9 8
12 11 2
12 14 9
12 15 7
12 16 6
12 18 7
12 19 9
12 23 6
12 25 1
12 27 4
12 28 2
12 29 2
12 31 10
12 32 9
12 33 8
12 35 5
12 36 6
12 37 5
12 38 4
13 1 2
13 6 4
13 7 7
13 11 2
13 17 1
13 18 7
13 19 9
13 20 7
13 22 7
13 26 1
13 29 8
13 30 8
13 31 5
13 33 8
13 34 9
13 36 1
13 37 6
13 39 9
14 1 1
14 2 4
14 3 8
14 4 5
14 6 5
14 7 9
14 9 8
14 12 9
14 16 6
14 18 6
14 19 3
14 20 2
14 21 2
14 23 5
14 28 3
14 29 4
14 32 6
14 33 9
14 37 6
14 38 6
15 1 10
15 2 1
15 3 1
15 4 2
15 5 8
15 7 8
15 8 9
15 9 1
15 10 10
15 11 5
15 12 7
15 18 7
15 20 5
15 22 1
15 24 3
15 25 9
15 26 7
15 27 1
15 30 1
15 32 6
15 34 9
15 36 7
15 37 10
15 39 2
16 2 10
16 5 10
16 7 9
16 8 3
16 10 7
16 12 6
16 14 6
16 19 7
16 20 7
16 23 10
16 26 7
16 33 8
16 34 5
16 35 7
16 37 9
16 38 6
16 39 8
17 1 9
17 2 6
17 3 6
17 4 5
17 5 8
17 7 9
17 8 2
17 9 2
17 10 2
17 11 6
17 13 1
17 20 6
17 24 1
17 28 3
17 30 5
17 32 4
17 35 2
17 36 1
17 37 7
18 1 7
18 4 8
18 5 6
18 6 4
18 9 8
18 11 9
18 12 7
18 13 7
18 14 6
18 15 7
18 20 8
18 23 10
18 25 5
18 26 1
18 28 4
18 31 4
18 32 7
18 33 1
18 35 8
18 36 7
19 1 7
19 3 7
19 4 9
19 5 5
19 6 7
19 7 9
19 8 6
19 9 4
19 10 2
19 11 8
19 12 9
19 13 9
19 14 3
19 16 7
19 21 6
19 22 5
19 26 9
19 27 7
19 28 3
19 30 1
19 32 2
19 33 7
19 35 8
20 3 10
20 5 10
20 7 5
20 9 3
20 11 2
20 13 7
20 14 2
20 15 5
20 16 7
20 17 6
20 18 8
20 21 9
20 23 4
20 24 9
20 26 8
20 29 1
20 30 2
20 31 2
20 33 7
20 37 6
20 39 10
21 1 4
21 2 5
21 4 1
21 6 8
21 8 9
21 9 8
21 11 1
21 14 2
21 19 6
21 20 9
21 23 9
21 25 5
21 28 6
21 29 1
21 30 4
21 33 4
21 34 10
21 35 7
21 38 10
21 39 7
22 2 9
22 4 10
22 5 3
22 7 8
22 10 6
22 13 7
22 15 1
22 19 5
22 24 8
22 32 5
22 36 10
22 38 10
22 39 6
23 2 1
23 3 4
23 4 2
23 5 7
23 6 10
23 12 6
23 14 5
23 16 10
23 18 10
23 20 4
23 21 9
23 25 7
23 27 9
23 28 5
23 31 5
23 33 5
23 35 2
23 39 5
24 1 8
24 3 10
24 4 6
24 6 4
24 8 8
24 10 4
24 15 3
24 17 1
24 20 9
24 22 8
24 25 2
24 29 9
24 31 6
24 32 10
24 33 3
24 34 6
24 36 7
24 37 5
24 38 6
24 39 1
25 3 10
25 4 6
25 5 7
25 7 5
25 8 5
25 9 4
25 10 5
25 11 3
25 12 1
25 15 9
25 18 5
25 21 5
25 23 7
25 24 2
25 26 2
25 27 7
25 28 2
25 30 3
25 31 8
25 32 5
25 34 5
25 35 9
25 37 4
25 39 5
26 1 10
26 3 6
26 8 3
26 9 1
26 13 1
26 15 7
26 16 7
26 18 1
26 19 9
26 20 8
26 25 2
26 29 5
26 30 4
26 32 2
26 33 1
26 34 2
26 35 2
26 36 6
26 37 2
26 39 1
27 9 2
27 10 7
27 12 4
27 15 1
27 19 7
27 23 9
27 25 7
27 29 10
27 30 5
27 31 8
27 34 3
27 35 2
27 36 7
27 37 10
27 38 3
28 1 2
28 2 4
28 3 10
28 4 4
28 5 7
28 8 10
28 10 6
28 12 2
28 14 3
28 17 3
28 18 4
28 19 3
28 21 6
28 23 5
28 25 2
28 30 2
28 31 10
28 34 4
28 36 8
28 37 7
28 38 7
28 39 6
29 3 6
29 6 4
29 9 9
29 11 8
29 12 2
29 13 8
29 14 4
29 20 1
29 21 1
29 24 9
29 26 5
29 27 10
29 30 3
29 33 6
29 34 8
29 38 4
29 39 4
30 2 10
30 6 4
30 8 3
30 9 5
30 11 5
30 13 8
30 15 1
30 17 5
30 19 1
30 20 2
30 21 4
30 25 3
30 26 4
30 27 5
30 28 2
30 29 3
30 31 3
30 33 2
30 35 5
30 36 5
30 38 6
31 2 5
31 4 3
31 8 3
31 9 7
31 10 8
31 12 10
31 13 5
31 18 4
31 20 2
31 23 5
31 24 6
31 25 8
31 27 8
31 28 10
31 30 3
31 32 2
31 33 6
31 35 8
31 37 5
31 39 10
32 1 1
32 3 9
32 4 2
32 5 6
32 7 5
32 9 2
32 12 9
32 14 6
32 15 6
32 17 4
32 18 7
32 19 2
32 22 5
32 24 10
32 25 5
32 26 2
32 31 2
32 33 9
32 34 6
32 35 6
32 38 5
32 39 9
33 2 2
33 4 8
33 6 8
33 8 3
33 9 6
33 11 9
33 12 8
33 13 8
33 14 9
33 16 8
33 18 1
33 19 7
33 20 7
33 21 4
33 23 5
33 24 3
33 26 1
33 29 6
33 30 2
33 31 6
33 32 9
33 39 1
34 1 4
34 3 9
34 4 4
34 6 4
34 8 4
34 9 5
34 10 8
34 13 9
34 15 9
34 16 5
34 21 10
34 24 6
34 25 5
34 26 2
34 27 3
34 28 4
34 29 8
34 32 6
34 35 6
34 36 6
34 37 10
34 39 1
35 2 2
35 4 2
35 5 8
35 6 5
35 7 9
35 12 5
35 16 7
35 17 2
35 18 8
35 19 8
35 21 7
35 23 2
35 25 9
35 26 2
35 27 2
35 30 5
35 31 8
35 32 6
35 34 6
35 37 6
36 2 8
36 4 4
36 6 6
36 8 9
36 9 3
36 10 2
36 11 8
36 12 6
36 13 1
36 15 7
36 17 1
36 18 7
36 22 10
36 24 7
36 26 6
36 27 7
36 28 8
36 30 5
36 34 6
36 37 4
36 38 7
37 3 5
37 8 1
37 9 1
37 10 4
37 11 10
37 12 5
37 13 6
37 14 6
37 15 10
37 16 9
37 17 7
37 20 6
37 24 5
37 25 4
37 26 2
37 27 10
37 28 7
37 31 5
37 34 10
37 35 6
37 36 4
37 38 6
37 39 1
38 1 9
38 3 7
38 5 6
38 6 4
38 9 10
38 10 9
38 12 4
38 14 6
38 16 6
38 21 10
38 22 10
38 24 6
38 27 3
38 28 7
38 29 4
38 30 6
38 32 5
38 36 7
38 37 6
5 t 1
6 t 7
8 t 9
13 t 9
15 t 2
16 t 8
20 t 10
21 t 7
22 t 6
23 t 5
24 t 1
25 t 5
26 t 1
28 t 6
29 t 4
31 t 10
32 t 9
33 t 1
34 t 1
37 t 1
