s 1 8
s 3 10
s 4 6
s 5 2
s 6 7
s 9 6
s 10 8
s 12 10
s 13 10
s 14 10
s 15 7
s 17 5
s 18 9
s 19 4
s 20 5
s 21 7
s 22 8
s 23 4
s 27 4
s 31 8
s 32 9
s 33 4
s 34 7
s 36 9
s 37 10
s 38 3
s 39 1
s 40 4
s 42 3
s 43 8
s 44 6
s 46 5
s 47 8
s 48 4
s 49 6
1 3 9
1 5 5
1 6 3
1 7 10
1 8 2
1 10 2
1 11 9
1 15 9
1 16 3
1 17 9
1 18 4
1 19 4
1 21 8
1 22 5
1 23 6
1 26 10
1 27 4
1 28 1
1 30 8
1 31 2
1 33 4
1 34 2
1 35 10
1 36 5
1 37 5
1 38 4
1 40 3
1 41 3
1 42 3
1 43 9
1 44 1
1 45 4
1 47 3
1 48 8
1 49 4
2 5 4
2 8 3
2 9 1
2 12 5
2 15 4
2 16 7
2 18 9
2 20 4
2 21 5
2 23 7
2 24 4
2 25 5
2 27 4
2 32 7
2 33 2
2 34 3
2 35 1
2 36 2
2 37 6
2 39 1
2 41 6
2 43 9
2 47 5
2 48 7
2 49 7
3 1 9
3 4 3
3 6 2
3 7 3
3 8 4
3 9 3
3 10 1
3 11 2
3 12 5
3 14 1
3 16 4
3 18 2
3 20 1
3 21 4
3 22 8
3 23 9
3 24 8
3 25 6
3 27 1
3 29 9
3 30 4
3 33 5
3 34 3
3 35 5
3 36 3
3 37 2
3 40 10
3 42 10
3 43 1
3 45 9
3 47 5
3 48 7
3 49 2
4 3 3
4 5 6
4 6 8
4 7 2
4 9 10
4 10 7
4 12 6
4 13 9
4 17 5
4 18 6
4 19 6
4 20 10
4 21 7
4 22 8
4 25 1
4 26 6
4 27 9
4 28 6
4 29 5
4 30 3
4 33 6
4 35 10
4 36 3
4 38 9
4 39 9
4 40 2
4 41 6
4 42 6
4 43 10
4 44 3
4 45 9
4 49 2
5 1 5
5 2 4
5 4 6
5 6 10
5 7 2
5 10 2
5 11 4
5 12 4
5 13 2
5 14 10
5 15 4
5 16 5
5 17 2
5 19 6
5 20 6
5 21 8
5 22 7
5 23 10
5 25 2
5 26 8
5 27 8
5 28 4
5 30 9
5 31 7
5 33 9
5 34 8
5 35 5
5 38 5
5 39 7
5 40 4
5 41 4
5 42 1
5 43 7
5 44 6
5 46 9
6 1 3
6 3 2
6 4 8
6 5 10
6 7 3
6 9 5
6 10 1
6 11 1
6 12 3
6 13 10
6 14 7
6 15 10
6 18 2
6 19 5
6 20 8
6 21 6
6 24 4
6 25 9
6 27 8
6 28 8
6 29 10
6 30 3
6 34 1
6 35 1
6 36 5
6 37 2
6 38 7
6 40 6
6 42 3
6 43 1
6 45 7
6 46 4
6 47 7
6 48 10
7 1 10
7 3 3
7 4 2
7 5 2
7 6 3
7 9 3
7 10 8
7 11 7
7 12 3
7 13 4
7 15 9
7 16 7
7 17 1
7 20 2
7 21 6
7 22 2
7 23 8
7 25 7
7 26 6
7 29 1
7 30 4
7 31 5
7 32 4
7 33 8
7 34 9
7 36 2
7 37 1
7 38 10
7 39 1
7 40 2
7 41 10
7 42 6
7 43 4
7 45 8
7 46 6
7 47 3
7 48 8
8 1 2
8 2 3
8 3 4
8 9 10
8 11 9
8 12 6
8 13 10
8 14 6
8 16 2
8 17 5
8 18 6
8 22 9
8 23 3
8 25 8
8 26 6
8 29 8
8 30 6
8 32 8
8 34 9
8 36 8
8 37 10
8 38 7
8 40 5
8 41 3
8 42 4
8 44 10
8 47 7
8 48 1
8 49 10
9 2 1
9 3 3
9 4 10
9 6 5
9 7 3
9 8 10
9 11 2
9 12 3
9 13 5
9 14 10
9 15 3
9 16 1
9 17 4
9 18 2
9 19 4
9 22 6
9 23 2
9 24 6
9 25 8
9 26 2
9 28 2
9 30 1
9 32 9
9 35 6
9 36 9
9 37 4
9 38 6
9 40 4
9 41 8
9 43 6
9 44 7
9 45 2
9 46 8
9 48 7
10 1 2
10 3 1
10 4 7
10 5 2
10 6 1
10 7 8
10 11 2
10 12 6
10 13 1
10 16 4
10 18 1
10 19 3
10 20 10
10 23 4
10 24 3
10 25 3
10 26 9
10 27 6
10 28 8
10 29 4
10 30 10
10 32 10
10 33 7
10 34 10
10 35 3
10 39 8
10 40 7
10 41 9
10 42 5
10 43 6
10 44 1
10 45 3
10 46 4
10 47 9
10 48 4
10 49 5
11 1 9
11 3 2
11 5 4
11 6 1
11 7 7
11 8 9
11 9 2
11 10 2
11 12 9
11 13 1
11 15 9
11 16 7
11 17 10
11 18 5
11 19 10
11 21 1
11 22 8
11 23 9
11 24 4
11 25 2
11 26 3
11 27 10
11 28 5
11 31 10
11 32 2
11 34 5
11 36 7
11 37 4
11 38 3
11 39 4
11 42 1
11 43 10
11 44 4
11 45 10
11 46 10
11 47 5
11 48 8
12 2 5
12 3 5
12 4 6
12 5 4
12 6 3
12 7 3
12 8 6
12 9 3
12 10 6
12 11 9
12 13 5
12 15 2
12 16 1
12 17 4
12 18 8
12 19 7
12 21 5
12 22 10
12 23 6
12 24 8
12 26 7
12 27 3
12 28 9
12 29 6
12 30 3
12 31 4
12 32 6
12 34 6
12 36 9
12 37 8
12 38 7
12 39 3
12 41 10
12 42 3
12 43 7
12 46 7
12 47 8
13 4 9
13 5 2
13 6 10
13 7 4
13 8 10
13 9 5
13 10 1
13 11 1
13 12 5
13 14 7
13 16 8
13 17 2
13 18 9
13 19 6
13 21 1
13 24 5
13 25 6
13 26 8
13 30 3
13 31 2
13 32 7
13 33 2
13 35 4
13 36 1
13 39 10
13 42 9
13 44 1
13 46 2
13 47 7
13 48 8
13 49 10
14 3 1
14 5 10
14 6 7
14 8 6
14 9 10
14 13 7
14 16 8
14 17 9
14 19 1
14 22 6
14 23 8
14 24 7
14 28 5
14 29 7
14 30 5
14 31 1
14 32 10
14 33 9
14 35 1
14 36 5
14 37 9
14 38 9
14 41 4
14 42 9
14 43 4
14 45 5
14 46 5
14 47 1
15 1 9
15 2 4
15 5 4
15 6 10
15 7 9
15 9 3
15 11 9
15 12 2
15 16 9
15 17 7
15 18 1
15 19 4
15 20 9
15 22 10
15 23 7
15 24 10
15 25 1
15 26 3
15 27 5
15 28 7
15 29 4
15 30 3
15 31 4
15 32 9
15 35 10
15 36 2
15 37 10
15 38 4
15 39 1
15 40 4
15 41 3
15 42 9
15 44 5
15 45 2
15 47 7
15 49 5
16 1 3
16 2 7
16 3 4
16 5 5
16 7 7
16 8 2
16 9 1
16 10 4
16 11 7
16 12 1
16 13 8
16 14 8
16 15 9
16 17 9
16 18 2
16 19 9
16 22 1
16 24 5
16 25 1
16 26 6
16 27 9
16 29 5
16 31 4
16 32 1
16 33 5
16 34 7
16 35 6
16 37 7
16 39 3
16 40 5
16 43 8
16 44 1
16 45 5
16 46 3
16 48 2
17 1 9
17 4 5
17 5 2
17 7 1
17 8 5
17 9 4
17 11 10
17 12 4
17 13 2
17 14 9
17 15 7
17 16 9
17 20 5
17 21 6
17 22 8
17 23 8
17 26 6
17 27 8
17 28 4
17 30 2
17 31 2
17 36 5
17 37 5
17 38 5
17 39 7
17 40 1
17 41 8
17 42 4
17 43 7
17 44 8
17 45 3
17 46 8
17 47 4
17 48 8
17 49 10
18 1 4
18 2 9
18 3 2
18 4 6
18 6 2
18 8 6
18 9 2
18 10 1
18 11 5
18 12 8
18 13 9
18 15 1
18 16 2
18 19 3
18 21 4
18 22 6
18 23 2
18 24 3
18 25 10
18 27 9
18 29 1
18 30 10
18 31 6
18 32 1
18 33 7
18 34 6
18 35 8
18 36 5
18 38 10
18 41 7
18 42 10
18 43 6
18 44 9
18 45 4
18 46 6
18 47 1
18 48 4
18 49 6
19 1 4
19 4 6
19 5 6
19 6 5
19 9 4
19 10 3
19 11 10
19 12 7
19 13 6
19 14 1
19 15 4
19 16 9
19 18 3
19 20 9
19 21 4
19 22 6
19 23 7
19 24 10
19 25 5
19 26 1
19 27 5
19 29 5
19 31 9
19 34 5
19 35 2
19 37 3
19 38 9
19 39 6
19 42 9
19 43 8
19 44 9
19 45 3
19 46 2
19 47 4
19 48 7
20 2 4
20 3 1
20 4 10
20 5 6
20 6 8
20 7 2
20 10 10
20 15 9
20 17 5
20 19 9
20 22 4
20 23 6
20 24 4
20 25 3
20 26 3
20 27 9
20 28 2
20 29 10
20 30 3
20 31 1
20 32 2
20 34 1
20 39 8
20 40 3
20 41 9
20 42 5
20 44 10
20 45 9
20 47 4
20 48 4
21 1 8
21 2 5
21 3 4
21 4 7
21 5 8
21 6 6
21 7 6
21 11 1
21 12 5
21 13 1
21 17 6
21 18 4
21 19 4
21 22 10
21 23 2
21 25 9
21 26 2
21 27 5
21 29 8
21 30 3
21 31 1
21 32 5
21 37 9
21 38 8
21 39 9
21 40 5
21 41 6
21 42 2
21 43 6
21 44 5
21 45 6
21 48 10
21 49 2
22 1 5
22 3 8
22 4 8
22 5 7
22 7 2
22 8 9
22 9 6
22 11 8
22 12 10
22 14 6
22 15 10
22 16 1
22 17 8
22 18 6
22 19 6
22 20 4
22 21 10
22 23 9
22 25 2
22 26 3
22 28 8
22 29 5
22 30 1
22 31 7
22 32 10
22 33 10
22 34 9
22 37 4
22 38 8
22 41 10
22 45 6
22 46 10
22 47 1
22 48 5
22 49 8
23 1 6
23 2 7
23 3 9
23 5 10
23 7 8
23 8 3
23 9 2
23 10 4
23 11 9
23 12 6
23 14 8
23 15 7
23 17 8
23 18 2
23 19 7
23 20 6
23 21 2
23 22 9
23 24 8
23 27 7
23 28 4
23 29 10
23 30 7
23 31 6
23 33 10
23 34 5
23 35 6
23 37 1
23 40 5
23 41 6
23 42 10
23 43 1
23 44 9
23 49 4
24 2 4
24 3 8
24 6 4
24 9 6
24 10 3
24 11 4
24 12 8
24 13 5
24 14 7
24 15 10
24 16 5
24 18 3
24 19 10
24 20 4
24 23 8
24 25 6
24 26 10
24 27 9
24 28 9
24 29 4
24 30 9
24 32 2
24 33 10
24 34 5
24 35 1
24 36 1
24 38 7
24 41 5
24 42 10
24 43 2
24 44 8
24 45 5
24 47 9
24 48 9
24 49 9
25 2 5
25 3 6
25 4 1
25 5 2
25 6 9
25 7 7
25 8 8
25 9 8
25 10 3
25 11 2
25 13 6
25 15 1
25 16 1
25 18 10
25 19 5
25 20 3
25 21 9
25 22 2
25 24 6
25 26 10
25 27 3
25 28 8
25 30 6
25 31 5
25 32 5
25 33 3
25 34 5
25 35 10
25 36 8
25 38 9
25 39 4
25 40 4
25 41 10
25 42 9
25 43 6
25 44 8
25 46 8
25 48 9
26 1 10
26 4 6
26 5 8
26 7 6
26 8 6
26 9 2
26 10 9
26 11 3
26 12 7
26 13 8
26 15 3
26 16 6
26 17 6
26 19 1
26 20 3
26 21 2
26 22 3
26 24 10
26 25 10
26 27 10
26 28 10
26 30 6
26 31 4
26 32 3
26 33 7
26 35 9
26 36 4
26 38 1
26 39 1
26 42 2
26 44 7
26 46 1
26 47 10
26 48 6
27 1 4
27 2 4
27 3 1
27 4 9
27 5 8
27 6 8
27 10 6
27 11 10
27 12 3
27 15 5
27 16 9
27 17 8
27 18 9
27 19 5
27 20 9
27 21 5
27 23 7
27 24 9
27 25 3
27 26 10
27 28 10
27 29 7
27 31 3
27 32 1
27 33 5
27 34 2
27 35 3
27 36 4
27 37 10
27 38 1
27 40 1
27 41 8
27 42 8
27 45 3
27 46 10
27 47 6
28 1 1
28 4 6
28 5 4
28 6 8
28 9 2
28 10 8
28 11 5
28 12 9
28 14 5
28 15 7
28 17 4
28 20 2
28 22 8
28 23 4
28 24 9
28 25 8
28 26 10
28 27 10
28 30 9
28 31 4
28 33 4
28 34 10
28 37 3
28 38 6
28 40 5
28 41 1
28 43 3
28 44 5
28 46 5
28 47 1
28 48 5
28 49 1
29 3 9
29 4 5
29 6 10
29 7 1
29 8 8
29 10 4
29 12 6
29 14 7
29 15 4
29 16 5
29 18 1
29 19 5
29 20 10
29 21 8
29 22 5
29 23 10
29 24 4
29 27 7
29 30 4
29 31 10
29 32 4
29 33 10
29 34 7
29 35 6
29 36 10
29 37 5
29 38 9
29 39 4
29 41 2
29 43 6
29 44 10
29 45 1
29 48 5
29 49 3
30 1 8
30 3 4
30 4 3
30 5 9
30 6 3
30 7 4
30 8 6
30 9 1
30 10 10
30 12 3
30 13 3
30 14 5
30 15 3
30 17 2
30 18 10
30 20 3
30 21 3
30 22 1
30 23 7
30 24 9
30 25 6
30 26 6
30 28 9
30 29 4
30 31 5
30 32 7
30 35 2
30 36 5
30 37 3
30 39 3
30 41 10
30 42 2
30 44 7
30 45 9
30 46 2
30 47 3
30 48 5
30 49 8
31 1 2
31 5 7
31 7 5
31 11 10
31 12 4
31 13 2
31 14 1
31 15 4
31 16 4
31 17 2
31 18 6
31 19 9
31 20 1
31 21 1
31 22 7
31 23 6
31 25 5
31 26 4
31 27 3
31 28 4
31 29 10
31 30 5
31 32 3
31 33 4
31 34 3
31 35 3
31 36 6
31 39 10
31 42 2
31 43 4
31 47 9
31 48 5
32 2 7
32 7 4
32 8 8
32 9 9
32 10 10
32 11 2
32 12 6
32 13 7
32 14 10
32 15 9
32 16 1
32 18 1
32 20 2
32 21 5
32 22 10
32 24 2
32 25 5
32 26 3
32 27 1
32 29 4
32 30 7
32 31 3
32 33 1
32 35 10
32 36 9
32 37 9
32 38 1
32 40 10
32 41 10
32 43 5
32 45 9
32 46 7
32 47 10
32 48 1
32 49 5
33 1 4
33 2 2
33 3 5
33 4 6
33 5 9
33 7 8
33 10 7
33 13 2
33 14 9
33 16 5
33 18 7
33 22 10
33 23 10
33 24 10
33 25 3
33 26 7
33 27 5
33 28 4
33 29 10
33 31 4
33 32 1
33 35 8
33 37 5
33 39 6
33 41 5
33 42 3
33 45 9
33 46 5
33 48 5
33 49 8
34 1 2
34 2 3
34 3 3
34 5 8
34 6 1
34 7 9
34 8 9
34 10 10
34 11 5
34 12 6
34 16 7
34 18 6
34 19 5
34 20 1
34 22 9
34 23 5
34 24 5
34 25 5
34 27 2
34 28 10
34 29 7
34 31 3
34 36 7
34 38 2
34 39 2
34 40 2
34 41 1
34 42 3
34 44 5
34 45 1
34 47 7
35 1 10
35 2 1
35 3 5
35 4 10
35 5 5
35 6 1
35 9 6
35 10 3
35 13 4
35 14 1
35 15 10
35 16 6
35 18 8
35 19 2
35 23 6
35 24 1
35 25 10
35 26 9
35 27 3
35 29 6
35 30 2
35 31 3
35 32 10
35 33 8
35 36 4
35 37 2
35 38 4
35 41 2
35 42 6
35 44 9
35 45 2
35 48 6
35 49 1
36 1 5
36 2 2
36 3 3
36 4 3
36 6 5
36 7 2
36 8 8
36 9 9
36 11 7
36 12 9
36 13 1
36 14 5
36 15 2
36 17 5
36 18 5
36 24 1
36 25 8
36 26 4
36 27 4
36 29 10
36 30 5
36 31 6
36 32 9
36 34 7
36 35 4
36 37 2
36 38 3
36 39 6
36 40 7
36 43 6
36 44 7
36 47 8
36 49 5
37 1 5
37 2 6
37 3 2
37 6 2
37 7 1
37 8 10
37 9 4
37 11 4
37 12 8
37 14 9
37 15 10
37 16 7
37 17 5
37 19 3
37 21 9
37 22 4
37 23 1
37 27 10
37 28 3
37 29 5
37 30 3
37 32 9
37 33 5
37 35 2
37 36 2
37 38 1
37 41 6
37 42 10
37 46 6
37 48 3
38 1 4
38 4 9
38 5 5
38 6 7
38 7 10
38 8 7
38 9 6
38 11 3
38 12 7
38 14 9
38 15 4
38 17 5
38 18 10
38 19 9
38 21 8
38 22 8
38 24 7
38 25 9
38 26 1
38 27 1
38 28 6
38 29 9
38 32 1
38 34 2
38 35 4
38 36 3
38 37 1
38 39 5
38 40 6
38 41 1
38 43 8
38 44 2
38 45 6
38 46 7
38 47 4
38 48 5
38 49 1
39 2 1
39 4 9
39 5 7
39 7 1
39 10 8
39 11 4
39 12 3
39 13 10
39 15 1
39 16 3
39 17 7
39 19 6
39 20 8
39 21 9
39 25 4
39 26 1
39 29 4
39 30 3
39 31 10
39 33 6
39 34 2
39 36 6
39 38 5
39 42 7
39 45 6
39 46 7
39 49 3
40 1 3
40 3 10
40 4 2
40 5 4
40 6 6
40 7 2
40 8 5
40 9 4
40 10 7
40 15 4
40 16 5
40 17 1
40 20 3
40 21 5
40 23 5
40 25 4
40 27 1
40 28 5
40 32 10
40 34 2
40 36 7
40 38 6
40 41 3
40 42 9
40 43 5
40 44 6
40 45 2
40 46 2
40 47 9
40 48 4
41 1 3
41 2 6
41 4 6
41 5 4
41 7 10
41 8 3
41 9 8
41 10 9
41 12 10
41 14 4
41 15 3
41 17 8
41 18 7
41 20 9
41 21 6
41 22 10
41 23 6
41 24 5
41 25 10
41 27 8
41 28 1
41 29 2
41 30 10
41 32 10
41 33 5
41 34 1
41 35 2
41 37 6
41 38 1
41 40 3
41 42 9
41 43 2
41 45 6
41 46 7
41 47 9
41 48 2
41 49 8
42 1 3
42 3 10
42 4 6
42 5 1
42 6 3
42 7 6
42 8 4
42 10 5
42 11 1
42 12 3
42 13 9
42 14 9
42 15 9
42 17 4
42 18 10
42 19 9
42 20 5
42 21 2
42 23 10
42 24 10
42 25 9
42 26 2
42 27 8
42 30 2
42 31 2
42 33 3
42 34 3
42 35 6
42 37 10
42 39 7
42 40 9
42 41 9
42 43 10
42 44 4
42 46 2
42 49 9
43 1 9
43 2 9
43 3 1
43 4 10
43 5 7
43 6 1
43 7 4
43 9 6
43 10 6
43 11 10
43 12 7
43 14 4
43 16 8
43 17 7
43 18 6
43 19 8
43 21 6
43 23 1
43 24 2
43 25 6
43 28 3
43 29 6
43 31 4
43 32 5
43 36 6
43 38 8
43 40 5
43 41 2
43 42 10
43 44 8
43 45 4
43 46 10
43 47 8
43 49 9
44 1 1
44 4 3
44 5 6
44 8 10
44 9 7
44 10 1
44 11 4
44 13 1
44 15 5
44 16 1
44 17 8
44 18 9
44 19 9
44 20 10
44 21 5
44 23 9
44 24 8
44 25 8
44 26 7
44 28 5
44 29 10
44 30 7
44 34 5
44 35 9
44 36 7
44 38 2
44 40 6
44 42 4
44 43 8
44 46 3
44 48 9
44 49 6
45 1 4
45 3 9
45 4 9
45 6 7
45 7 8
45 9 2
45 10 3
45 11 10
45 14 5
45 15 2
45 16 5
45 17 3
45 18 4
45 19 3
45 20 9
45 21 6
45 22 6
45 24 5
45 27 3
45 29 1
45 30 9
45 32 9
45 33 9
45 34 1
45 35 2
45 38 6
45 39 6
45 40 2
45 41 6
45 43 4
45 46 2
45 48 2
45 49 10
46 5 9
46 6 4
46 7 6
46 9 8
46 10 4
46 11 10
46 12 7
46 13 2
46 14 5
46 16 3
46 17 8
46 18 6
46 19 2
46 22 10
46 25 8
46 26 1
46 27 10
46 28 5
46 30 2
46 32 7
46 33 5
46 37 6
46 38 7
46 39 7
46 40 2
46 41 7
46 42 2
46 43 10
46 44 3
46 45 2
46 47 5
46 48 3
46 49 8
47 1 3
47 2 5
47 3 5
47 6 7
47 7 3
47 8 7
47 10 9
47 11 5
47 12 8
47 13 7
47 14 1
47 15 7
47 17 4
47 18 1
47 19 4
47 20 4
47 22 1
47 24 9
47 26 10
47 27 6
47 28 1
47 30 3
47 31 9
47 32 10
47 34 7
47 36 8
47 38 4
47 40 9
47 41 9
47 43 8
47 46 5
47 48 3
47 49 5
48 1 8
48 2 7
48 3 7
48 6 10
48 7 8
48 8 1
48 9 7
48 10 4
48 11 8
48 13 8
48 16 2
48 17 8
48 18 4
48 19 7
48 20 4
48 21 10
48 22 5
48 24 9
48 25 9
48 26 6
48 28 5
48 29 5
48 30 5
48 31 5
48 32 1
48 33 5
48 35 6
48 37 3
48 38 5
48 40 4
48 41 2
48 44 9
48 45 2
48 46 3
48 47 3
48 49 6
1 t 4
2 t 7
3 t 2
4 t 2
8 t 10
10 t 5
13 t 10
15 t 5
17 t 10
18 t 6
21 t 2
22 t 8
23 t 4
24 t 9
28 t 1
29 t 3
30 t 8
32 t 5
33 t 8
35 t 1
36 t 5
38 t 1
39 t 3
41 t 8
42 t 9
43 t 9
44 t 6
45 t 10
46 t 8
47 t 5
48 t 6
