s 5 16
s 7 6
s 14 17
s 16 30
s 17 23
s 19 30
s 20 4
s 22 18
s 26 1
s 27 16
s 30 10
s 31 22
s 32 4
s 38 17
s 39 7
s 41 23
s 42 7
s 43 13
s 44 4
s 47 15
s 48 29
1 2 5
1 3 19
1 5 29
1 7 2
1 11 19
1 12 16
1 13 18
1 14 3
1 16 30
1 18 26
1 20 3
1 22 14
1 23 9
1 24 3
1 25 12
1 34 9
1 37 16
1 38 23
1 40 12
1 41 16
1 42 21
1 44 17
1 45 3
2 1 5
2 3 10
2 4 18
2 5 9
2 7 21
2 8 4
2 10 25
2 11 20
2 15 5
2 16 2
2 17 1
2 19 30
2 20 28
2 21 15
2 23 16
2 26 7
2 27 24
2 29 16
2 31 16
2 33 30
2 35 3
2 36 8
2 38 6
2 39 13
2 40 27
2 42 13
2 44 27
2 48 13
2 49 13
3 1 19
3 2 10
3 5 25
3 7 8
3 8 1
3 9 2
3 12 11
3 13 7
3 14 14
3 17 11
3 18 27
3 20 23
3 23 30
3 25 13
3 26 10
3 28 17
3 31 8
3 33 21
3 38 19
3 40 10
3 41 1
3 42 20
3 43 17
3 44 2
3 46 5
3 47 3
3 49 26
4 2 18
4 6 23
4 7 29
4 8 26
4 10 15
4 16 16
4 18 23
4 19 23
4 21 27
4 22 14
4 23 17
4 24 19
4 26 24
4 32 18
4 35 8
4 36 30
4 39 14
4 41 10
4 42 7
4 44 18
4 46 17
4 48 30
4 49 4
5 1 29
5 2 9
5 3 25
5 6 14
5 7 13
5 10 5
5 13 12
5 19 13
5 20 26
5 22 9
5 23 28
5 24 29
5 28 9
5 31 8
5 32 11
5 33 2
5 39 2
5 40 23
5 41 15
5 42 15
5 44 29
5 46 28
5 47 20
5 48 10
6 4 23
6 5 14
6 8 19
6 9 14
6 10 3
6 16 21
6 17 26
6 19 27
6 20 25
6 21 26
6 23 6
6 26 26
6 27 15
6 31 12
6 33 6
6 35 8
6 36 8
6 37 1
6 38 6
6 42 16
6 44 30
6 45 11
6 49 30
7 1 2
7 2 21
7 3 8
7 4 29
7 5 13
7 8 4
7 10 7
7 11 26
7 12 2
7 15 28
7 16 24
7 17 14
7 19 30
7 21 6
7 23 1
7 27 16
7 35 25
7 36 19
7 38 1
7 39 25
7 40 2
7 41 15
7 44 24
8 2 4
8 3 1
8 4 26
8 6 19
8 7 4
8 9 11
8 10 21
8 11 5
8 13 21
8 15 14
8 16 24
8 17 14
8 18 20
8 19 3
8 24 25
8 25 6
8 26 9
8 27 25
8 30 21
8 33 25
8 35 1
8 36 30
8 38 17
8 39 6
8 41 13
8 44 22
8 46 10
8 48 18
8 49 20
9 3 2
9 6 14
9 8 11
9 10 2
9 13 19
9 20 21
9 21 12
9 23 14
9 24 25
9 29 3
9 31 17
9 35 28
9 36 24
9 38 9
9 39 23
9 40 20
9 42 15
9 43 9
9 44 28
9 47 13
9 48 15
10 2 25
10 4 15
10 5 5
10 6 3
10 7 7
10 8 21
10 9 2
10 11 17
10 12 15
10 13 17
10 15 11
10 16 1
10 17 17
10 19 4
10 22 24
10 24 15
10 26 6
10 30 1
10 31 16
10 32 21
10 34 5
10 35 11
10 37 22
10 41 3
10 43 1
10 46 28
10 48 13
11 1 19
11 2 20
11 7 26
11 8 5
11 10 17
11 13 22
11 15 25
11 16 2
11 19 29
11 20 3
11 22 28
11 23 16
11 25 21
11 27 6
11 30 30
11 31 8
11 33 10
11 34 15
11 38 29
11 44 11
11 47 11
11 48 23
11 49 29
12 1 16
12 3 11
12 7 2
12 10 15
12 14 10
12 15 16
12 16 21
12 17 21
12 18 11
12 19 3
12 20 13
12 21 7
12 23 18
12 25 17
12 29 21
12 32 25
12 33 14
12 37 14
12 38 17
12 39 2
12 40 15
12 41 21
12 45 1
12 46 15
12 47 2
12 48 11
12 49 7
13 1 18
13 3 7
13 5 12
13 8 21
13 9 19
13 10 17
13 11 22
13 15 14
13 18 27
13 19 18
13 24 11
13 25 2
13 27 5
13 28 18
13 29 29
13 34 28
13 35 4
13 37 14
13 40 17
13 42 26
14 1 3
14 3 14
14 12 10
14 16 8
14 18 30
14 19 4
14 20 7
14 21 24
14 22 30
14 25 4
14 26 27
14 27 3
14 29 30
14 32 24
14 34 17
14 35 19
14 36 9
14 37 21
14 40 10
14 41 28
14 44 29
14 47 16
14 48 19
14 49 10
15 2 5
15 7 28
15 8 14
15 10 11
15 11 25
15 12 16
15 13 14
15 16 3
15 19 10
15 22 24
15 26 18
15 27 19
15 29 8
15 31 2
15 32 4
15 33 22
15 36 10
15 37 2
15 39 17
15 40 26
15 47 5
15 49 15
16 1 30
16 2 2
16 4 16
16 6 21
16 7 24
16 8 24
16 10 1
16 11 2
16 12 21
16 14 8
16 15 3
16 17 22
16 18 24
16 20 19
16 21 18
16 23 29
16 24 8
16 26 22
16 27 29
16 31 8
16 33 10
16 34 2
16 36 5
16 37 27
16 38 28
16 40 26
16 41 24
16 42 13
16 44 10
16 45 8
16 47 6
16 49 14
17 2 1
17 3 11
17 6 26
17 7 14
17 8 14
17 10 17
17 12 21
17 16 22
17 19 19
17 20 15
17 23 6
17 24 14
17 25 29
17 27 10
17 28 14
17 29 16
17 31 1
17 32 18
17 33 9
17 34 18
17 39 25
17 41 7
17 46 13
17 47 30
17 49 5
18 1 26
18 3 27
18 4 23
18 8 20
18 12 11
18 13 27
18 14 30
18 16 24
18 19 2
18 20 5
18 21 2
18 22 1
18 23 1
18 24 26
18 29 9
18 36 2
18 39 10
18 40 5
18 41 6
18 42 2
18 43 25
18 44 28
18 46 11
18 48 25
18 49 8
19 2 30
19 4 23
19 5 13
19 6 27
19 7 30
19 8 3
19 10 4
19 11 29
19 12 3
19 13 18
19 14 4
19 15 10
19 17 19
19 18 2
19 20 29
19 22 30
19 24 8
19 29 20
19 30 11
19 33 8
19 35 1
19 37 26
19 38 18
19 42 4
19 45 1
19 46 6
19 49 5
20 1 3
20 2 28
20 3 23
20 5 26
20 6 25
20 9 21
20 11 3
20 12 13
20 14 7
20 16 19
20 17 15
20 18 5
20 19 29
20 25 10
20 26 3
20 31 6
20 32 29
20 34 26
20 36 22
20 37 29
20 39 5
20 41 1
20 42 28
20 43 16
20 44 13
20 45 5
20 47 25
20 48 29
21 2 15
21 4 27
21 6 26
21 7 6
21 9 12
21 12 7
21 14 24
21 16 18
21 18 2
21 31 30
21 33 9
21 35 14
21 37 22
21 38 17
21 39 17
21 41 30
21 47 4
21 48 17
22 1 14
22 4 14
22 5 9
22 10 24
22 11 28
22 14 30
22 15 24
22 18 1
22 19 30
22 24 14
22 25 6
22 30 7
22 31 5
22 32 5
22 33 24
22 34 3
22 38 24
22 41 5
22 43 1
22 44 23
22 45 29
22 48 12
23 1 9
23 2 16
23 3 30
23 4 17
23 5 28
23 6 6
23 7 1
23 9 14
23 11 16
23 12 18
23 16 29
23 17 6
23 18 1
23 24 3
23 25 24
23 30 14
23 33 5
23 36 12
23 39 13
23 44 18
23 45 5
23 47 30
23 48 5
24 1 3
24 4 19
24 5 29
24 8 25
24 9 25
24 10 15
24 13 11
24 16 8
24 17 14
24 18 26
24 19 8
24 22 14
24 23 3
24 25 14
24 26 23
24 29 30
24 33 3
24 34 22
24 36 17
24 37 24
24 41 19
24 42 6
24 47 21
24 48 17
24 49 20
25 1 12
25 3 13
25 8 6
25 11 21
25 12 17
25 13 2
25 14 4
25 17 29
25 20 10
25 22 6
25 23 24
25 24 14
25 26 12
25 30 29
25 31 10
25 33 21
25 34 13
25 35 25
25 36 12
25 37 23
25 38 6
25 41 12
25 44 16
25 45 6
25 47 27
25 48 30
25 49 13
26 2 7
26 3 10
26 4 24
26 6 26
26 8 9
26 10 6
26 14 27
26 15 18
26 16 22
26 20 3
26 24 23
26 25 12
26 28 9
26 30 7
26 31 27
26 35 5
26 36 17
26 40 29
26 43 20
26 44 24
26 45 24
27 2 24
27 6 15
27 7 16
27 8 25
27 11 6
27 13 5
27 14 3
27 15 19
27 16 29
27 17 10
27 30 9
27 32 16
27 33 15
27 35 20
27 36 14
27 37 12
27 39 20
27 42 25
27 44 8
27 45 3
27 47 7
28 3 17
28 5 9
28 13 18
28 17 14
28 26 9
28 31 9
28 34 2
28 37 16
28 41 9
28 47 6
29 2 16
29 9 3
29 12 21
29 13 29
29 14 30
29 15 8
29 17 16
29 18 9
29 19 20
29 24 30
29 31 6
29 32 12
29 35 21
29 36 7
29 40 3
29 42 17
29 44 22
29 47 27
29 48 26
29 49 7
30 8 21
30 10 1
30 11 30
30 19 11
30 22 7
30 23 14
30 25 29
30 26 7
30 27 9
30 33 11
30 39 25
30 40 3
30 43 27
30 45 12
30 46 11
30 47 9
31 2 16
31 3 8
31 5 8
31 6 12
31 9 17
31 10 16
31 11 8
31 15 2
31 16 8
31 17 1
31 20 6
31 21 30
31 22 5
31 25 10
31 26 27
31 28 9
31 29 6
31 34 14
31 35 28
31 39 21
31 43 15
31 44 8
31 45 15
31 48 27
31 49 7
32 4 18
32 5 11
32 10 21
32 12 25
32 14 24
32 15 4
32 17 18
32 20 29
32 22 5
32 27 16
32 29 12
32 33 22
32 38 22
32 41 11
32 43 18
32 44 12
32 45 2
32 46 10
32 48 6
32 49 26
33 2 30
33 3 21
33 5 2
33 6 6
33 8 25
33 11 10
33 12 14
33 15 22
33 16 10
33 17 9
33 19 8
33 21 9
33 22 24
33 23 5
33 24 3
33 25 21
33 27 15
33 30 11
33 32 22
33 34 7
33 37 20
33 39 20
33 40 24
33 41 30
33 42 1
33 49 11
34 1 9
34 10 5
34 11 15
34 13 28
34 14 17
34 16 2
34 17 18
34 20 26
34 22 3
34 24 22
34 25 13
34 28 2
34 31 14
34 33 7
34 35 2
34 37 30
34 39 8
34 40 19
34 43 30
34 44 15
34 45 22
34 46 14
34 48 10
35 2 3
35 4 8
35 6 8
35 7 25
35 8 1
35 9 28
35 10 11
35 13 4
35 14 19
35 19 1
35 21 14
35 25 25
35 26 5
35 27 20
35 29 21
35 31 28
35 34 2
35 36 13
35 38 3
35 39 21
35 40 24
35 41 28
35 42 4
35 46 16
35 49 20
36 2 8
36 4 30
36 6 8
36 7 19
36 8 30
36 9 24
36 14 9
36 15 10
36 16 5
36 18 2
36 20 22
36 23 12
36 24 17
36 25 12
36 26 17
36 27 14
36 29 7
36 35 13
36 37 4
36 41 15
36 42 1
36 43 9
36 44 14
36 47 18
37 1 16
37 6 1
37 10 22
37 12 14
37 13 14
37 14 21
37 15 2
37 16 27
37 19 26
37 20 29
37 21 22
37 24 24
37 25 23
37 27 12
37 28 16
37 33 20
37 34 30
37 36 4
37 39 28
37 40 14
37 42 28
37 43 11
37 44 28
37 47 2
37 49 14
38 1 23
38 2 6
38 3 19
38 6 6
38 7 1
38 8 17
38 9 9
38 11 29
38 12 17
38 16 28
38 19 18
38 21 17
38 22 24
38 25 6
38 32 22
38 35 3
38 40 5
38 41 2
38 42 21
38 43 26
38 47 12
38 48 16
38 49 3
39 2 13
39 4 14
39 5 2
39 7 25
39 8 6
39 9 23
39 12 2
39 15 17
39 17 25
39 18 10
39 20 5
39 21 17
39 23 13
39 27 20
39 30 25
39 31 21
39 33 20
39 34 8
39 35 21
39 37 28
39 42 8
39 43 2
39 45 22
39 46 4
39 47 2
39 48 3
39 49 26
40 1 12
40 2 27
40 3 10
40 5 23
40 7 2
40 9 20
40 12 15
40 13 17
40 14 10
40 15 26
40 16 26
40 18 5
40 26 29
40 29 3
40 30 3
40 33 24
40 34 19
40 35 24
40 37 14
40 38 5
40 43 18
40 44 22
40 45 16
40 47 1
40 49 2
41 1 16
41 3 1
41 4 10
41 5 15
41 7 15
41 8 13
41 10 3
41 12 21
41 14 28
41 16 24
41 17 7
41 18 6
41 20 1
41 21 30
41 22 5
41 24 19
41 25 12
41 28 9
41 32 11
41 33 30
41 35 28
41 36 15
41 38 2
41 42 9
41 46 3
42 1 21
42 2 13
42 3 20
42 4 7
42 5 15
42 6 16
42 9 15
42 13 26
42 16 13
42 18 2
42 19 4
42 20 28
42 24 6
42 27 25
42 29 17
42 33 1
42 35 4
42 36 1
42 37 28
42 38 21
42 39 8
42 41 9
42 44 3
42 45 28
42 46 7
42 49 4
43 3 17
43 9 9
43 10 1
43 18 25
43 20 16
43 22 1
43 26 20
43 30 27
43 31 15
43 32 18
43 34 30
43 36 9
43 37 11
43 38 26
43 39 2
43 40 18
43 45 11
43 46 16
43 49 25
44 1 17
44 2 27
44 3 2
44 4 18
44 5 29
44 6 30
44 7 24
44 8 22
44 9 28
44 11 11
44 14 29
44 16 10
44 18 28
44 20 13
44 22 23
44 23 18
44 25 16
44 26 24
44 27 8
44 29 22
44 31 8
44 32 12
44 34 15
44 36 14
44 37 28
44 40 22
44 42 3
44 45 20
44 46 11
44 48 24
44 49 12
45 1 3
45 6 11
45 12 1
45 16 8
45 19 1
45 20 5
45 22 29
45 23 5
45 25 6
45 26 24
45 27 3
45 30 12
45 31 15
45 32 2
45 34 22
45 39 22
45 40 16
45 42 28
45 43 11
45 44 20
46 3 5
46 4 17
46 5 28
46 8 10
46 10 28
46 12 15
46 17 13
46 18 11
46 19 6
46 30 11
46 32 10
46 34 14
46 35 16
46 39 4
46 41 3
46 42 7
46 43 16
46 44 11
46 47 10
47 3 3
47 5 20
47 9 13
47 11 11
47 12 2
47 14 16
47 15 5
47 16 6
47 17 30
47 20 25
47 21 4
47 23 30
47 24 21
47 25 27
47 27 7
47 28 6
47 29 27
47 30 9
47 36 18
47 37 2
47 38 12
47 39 2
47 40 1
47 46 10
47 48 29
48 2 13
48 4 30
48 5 10
48 8 18
48 9 15
48 10 13
48 11 23
48 12 11
48 14 19
48 18 25
48 20 29
48 21 17
48 22 12
48 23 5
48 24 17
48 25 30
48 29 26
48 31 27
48 32 6
48 34 10
48 38 16
48 39 3
48 44 24
48 47 29
2 t 13
3 t 26
4 t 4
6 t 30
8 t 20
11 t 29
12 t 7
14 t 10
15 t 15
16 t 14
17 t 5
18 t 8
19 t 5
24 t 20
25 t 13
29 t 7
31 t 7
32 t 26
33 t 11
35 t 20
37 t 14
38 t 3
39 t 26
40 t 2
42 t 4
43 t 25
44 t 12
