s 1 6
s 2 3
s 3 3
s 4 7
s 5 5
s 6 1
s 7 1
s 8 10
s 9 9
s 10 10
s 11 8
s 12 2
s 13 5
s 14 7
s 15 9
s 16 6
s 17 6
s 18 9
s 19 5
s 20 7
s 21 4
s 22 7
s 23 4
s 24 1
s 25 2
s 26 3
s 27 9
s 28 1
s 29 8
s 30 4
s 31 7
s 32 3
s 33 1
s 34 8
s 35 4
s 36 6
s 37 6
s 38 7
s 39 5
s 40 8
s 41 3
s 42 7
s 43 5
s 44 7
s 45 1
s 46 2
s 47 1
s 48 6
s 49 10
1 2 3
1 3 1
1 4 7
1 5 10
1 6 3
1 7 8
1 8 10
1 9 10
1 10 2
1 11 1
1 12 9
1 13 9
1 14 6
1 15 3
1 16 7
1 17 10
1 18 2
1 19 7
1 20 6
1 21 3
1 22 10
1 23 9
1 24 6
1 25 4
1 26 6
1 27 9
1 28 3
1 29 4
1 30 6
1 31 6
1 32 6
1 33 10
1 34 4
1 35 10
1 36 5
1 37 4
1 38 8
1 39 8
1 40 7
1 41 7
1 42 9
1 43 7
1 44 6
1 45 1
1 46 10
1 47 1
1 48 3
1 49 3
2 1 3
2 3 7
2 4 2
2 5 7
2 6 1
2 7 4
2 8 2
2 9 3
2 10 10
2 11 7
2 12 2
2 13 10
2 14 2
2 15 2
2 16 4
2 17 3
2 18 6
2 19 6
2 20 10
2 21 3
2 22 6
2 23 4
2 24 3
2 25 8
2 26 3
2 27 5
2 28 7
2 29 2
2 30 9
2 31 8
2 32 5
2 33 9
2 34 6
2 35 8
2 36 1
2 37 4
2 38 5
2 39 1
2 40 8
2 41 8
2 42 8
2 43 10
2 44 4
2 45 1
2 46 8
2 47 1
2 48 5
2 49 2
3 1 1
3 2 7
3 4 5
3 5 9
3 6 4
3 7 8
3 8 5
3 9 7
3 10 3
3 11 2
3 12 5
3 13 8
3 14 1
3 15 4
3 16 4
3 17 5
3 18 6
3 19 9
3 20 10
3 21 10
3 22 7
3 23 3
3 24 9
3 25 8
3 26 8
3 27 6
3 28 10
3 29 1
3 30 3
3 31 2
3 32 3
3 33 5
3 34 2
3 35 2
3 36 7
3 37 10
3 38 2
3 39 1
3 40 10
3 41 7
3 42 3
3 43 10
3 44 7
3 45 7
3 46 5
3 47 4
3 48 10
3 49 10
4 1 7
4 2 2
4 3 5
4 5 2
4 6 6
4 7 9
4 8 3
4 9 3
4 10 2
4 11 6
4 12 1
4 13 10
4 14 2
4 15 7
4 16 1
4 17 7
4 18 9
4 19 8
4 20 1
4 21 8
4 22 6
4 23 3
4 24 7
4 25 10
4 26 10
4 27 6
4 28 5
4 29 6
4 30 5
4 31 8
4 32 4
4 33 6
4 34 7
4 35 6
4 36 5
4 37 4
4 38 2
4 39 3
4 40 7
4 41 8
4 42 9
4 43 5
4 44 9
4 45 3
4 46 6
4 47 6
4 48 1
4 49 3
5 1 10
5 2 7
5 3 9
5 4 2
5 6 9
5 7 8
5 8 4
5 9 4
5 10 1
5 11 4
5 12 9
5 13 9
5 14 3
5 15 6
5 16 5
5 17 8
5 18 5
5 19 7
5 20 9
5 21 5
5 22 9
5 23 5
5 24 9
5 25 1
5 26 9
5 27 1
5 28 3
5 29 2
5 30 10
5 31 9
5 32 3
5 33 4
5 34 10
5 35 7
5 36 2
5 37 3
5 38 2
5 39 9
5 40 6
5 41 4
5 42 8
5 43 6
5 44 10
5 45 9
5 46 4
5 47 2
5 48 10
5 49 8
6 1 3
6 2 1
6 3 4
6 4 6
6 5 9
6 7 3
6 8 7
6 9 9
6 10 5
6 11 7
6 12 6
6 13 2
6 14 5
6 15 8
6 16 7
6 17 8
6 18 9
6 19 9
6 20 1
6 21 3
6 22 1
6 23 9
6 24 4
6 25 10
6 26 1
6 27 3
6 28 10
6 29 7
6 30 3
6 31 4
6 32 8
6 33 10
6 34 2
6 35 3
6 36 1
6 37 2
6 38 9
6 39 7
6 40 7
6 41 9
6 42 6
6 43 4
6 44 4
6 45 1
6 46 4
6 47 4
6 48 6
6 49 4
7 1 8
7 2 4
7 3 8
7 4 9
7 5 8
7 6 3
7 8 3
7 9 8
7 10 6
7 11 2
7 12 9
7 13 5
7 14 2
7 15 4
7 16 2
7 17 10
7 18 2
7 19 10
7 20 6
7 21 1
7 22 3
7 23 8
7 24 7
7 25 10
7 26 6
7 27 2
7 28 9
7 29 6
7 30 5
7 31 9
7 32 2
7 33 8
7 34 5
7 35 10
7 36 10
7 37 6
7 38 4
7 39 9
7 40 7
7 41 9
7 42 1
7 43 9
7 44 1
7 45 2
7 46 3
7 47 10
7 48 8
7 49 1
8 1 10
8 2 2
8 3 5
8 4 3
8 5 4
8 6 7
8 7 3
8 9 4
8 10 4
8 11 9
8 12 8
8 13 9
8 14 7
8 15 6
8 16 1
8 17 4
8 18 3
8 19 9
8 20 7
8 21 10
8 22 1
8 23 3
8 24 3
8 25 6
8 26 4
8 27 3
8 28 7
8 29 3
8 30 6
8 31 10
8 32 4
8 33 10
8 34 10
8 35 8
8 36 9
8 37 3
8 38 6
8 39 2
8 40 2
8 41 1
8 42 5
8 43 2
8 44 5
8 45 10
8 46 3
8 47 3
8 48 7
8 49 10
9 1 10
9 2 3
9 3 7
9 4 3
9 5 4
9 6 9
9 7 8
9 8 4
9 10 7
9 11 8
9 12 7
9 13 2
9 14 10
9 15 7
9 16 1
9 17 6
9 18 10
9 19 10
9 20 8
9 21 9
9 22 5
9 23 1
9 24 10
9 25 2
9 26 5
9 27 10
9 28 4
9 29 6
9 30 1
9 31 2
9 32 3
9 33 7
9 34 2
9 35 2
9 36 7
9 37 1
9 38 4
9 39 1
9 40 5
9 41 4
9 42 7
9 43 5
9 44 5
9 45 1
9 46 6
9 47 5
9 48 4
9 49 2
10 1 2
10 2 10
10 3 3
10 4 2
10 5 1
10 6 5
10 7 6
10 8 4
10 9 7
10 11 8
10 12 8
10 13 6
10 14 1
10 15 8
10 16 10
10 17 2
10 18 6
10 19 5
10 20 4
10 21 10
10 22 8
10 23 10
10 24 8
10 25 6
10 26 1
10 27 6
10 28 3
10 29 8
10 30 7
10 31 1
10 32 10
10 33 9
10 34 9
10 35 9
10 36 5
10 37 1
10 38 2
10 39 8
10 40 5
10 41 2
10 42 7
10 43 5
10 44 10
10 45 10
10 46 5
10 47 6
10 48 1
10 49 6
11 1 1
11 2 7
11 3 2
11 4 6
11 5 4
11 6 7
11 7 2
11 8 9
11 9 8
11 10 8
11 12 4
11 13 5
11 14 3
11 15 10
11 16 9
11 17 1
11 18 10
11 19 5
11 20 10
11 21 3
11 22 9
11 23 5
11 24 2
11 25 6
11 26 10
11 27 6
11 28 4
11 29 10
11 30 2
11 31 2
11 32 1
11 33 6
11 34 5
11 35 5
11 36 6
11 37 7
11 38 4
11 39 7
11 40 10
11 41 8
11 42 4
11 43 7
11 44 1
11 45 9
11 46 1
11 47 7
11 48 8
11 49 2
12 1 9
12 2 2
12 3 5
12 4 1
12 5 9
12 6 6
12 7 9
12 8 8
12 9 7
12 10 8
12 11 4
12 13 6
12 14 2
12 15 1
12 16 7
12 17 9
12 18 1
12 19 1
12 20 4
12 21 10
12 22 8
12 23 8
12 24 6
12 25 4
12 26 4
12 27 3
12 28 4
12 29 6
12 30 2
12 31 9
12 32 4
12 33 7
12 34 7
12 35 8
12 36 4
12 37 6
12 38 7
12 39 3
12 40 7
12 41 3
12 42 1
12 43 3
12 44 8
12 45 2
12 46 6
12 47 1
12 48 3
12 49 8
13 1 9
13 2 10
13 3 8
13 4 10
13 5 9
13 6 2
13 7 5
13 8 9
13 9 2
13 10 6
13 11 5
13 12 6
13 14 3
13 15 2
13 16 1
13 17 2
13 18 2
13 19 8
13 20 2
13 21 10
13 22 2
13 23 1
13 24 3
13 25 10
13 26 8
13 27 9
13 28 7
13 29 4
13 30 7
13 31 9
13 32 10
13 33 5
13 34 9
13 35 4
13 36 2
13 37 6
13 38 6
13 39 8
13 40 1
13 41 10
13 42 9
13 43 1
13 44 8
13 45 2
13 46 4
13 47 8
13 48 9
13 49 4
14 1 6
14 2 2
14 3 1
14 4 2
14 5 3
14 6 5
14 7 2
14 8 7
14 9 10
14 10 1
14 11 3
14 12 2
14 13 3
14 15 8
14 16 10
14 17 3
14 18 9
14 19 7
14 20 1
14 21 9
14 22 4
14 23 9
14 24 7
14 25 7
14 26 2
14 27 5
14 28 8
14 29 8
14 30 1
14 31 3
14 32 8
14 33 3
14 34 8
14 35 1
14 36 9
14 37 5
14 38 5
14 39 4
14 40 8
14 41 10
14 42 8
14 43 7
14 44 1
14 45 9
14 46 2
14 47 1
14 48 5
14 49 5
15 1 3
15 2 2
15 3 4
15 4 7
15 5 6
15 6 8
15 7 4
15 8 6
15 9 7
15 10 8
15 11 10
15 12 1
15 13 2
15 14 8
15 16 2
15 17 2
15 18 1
15 19 5
15 20 10
15 21 6
15 22 10
15 23 5
15 24 9
15 25 2
15 26 9
15 27 1
15 28 7
15 29 10
15 30 7
15 31 10
15 32 4
15 33 5
15 34 6
15 35 9
15 36 2
15 37 9
15 38 6
15 39 4
15 40 4
15 41 1
15 42 10
15 43 2
15 44 3
15 45 5
15 46 6
15 47 5
15 48 2
15 49 5
16 1 7
16 2 4
16 3 4
16 4 1
16 5 5
16 6 7
16 7 2
16 8 1
16 9 1
16 10 10
16 11 9
16 12 7
16 13 1
16 14 10
16 15 2
16 17 6
16 18 4
16 19 2
16 20 3
16 21 3
16 22 3
16 23 7
16 24 2
16 25 9
16 26 8
16 27 3
16 28 2
16 29 4
16 30 10
16 31 9
16 32 6
16 33 10
16 34 4
16 35 5
16 36 1
16 37 2
16 38 2
16 39 9
16 40 9
16 41 2
16 42 6
16 43 3
16 44 2
16 45 10
16 46 7
16 47 5
16 48 3
16 49 4
17 1 10
17 2 3
17 3 5
17 4 7
17 5 8
17 6 8
17 7 10
17 8 4
17 9 6
17 10 2
17 11 1
17 12 9
17 13 2
17 14 3
17 15 2
17 16 6
17 18 6
17 19 9
17 20 1
17 21 6
17 22 9
17 23 2
17 24 10
17 25 6
17 26 9
17 27 3
17 28 7
17 29 3
17 30 2
17 31 9
17 32 2
17 33 3
17 34 6
17 35 2
17 36 10
17 37 3
17 38 8
17 39 8
17 40 10
17 41 9
17 42 9
17 43 10
17 44 4
17 45 10
17 46 1
17 47 3
17 48 3
17 49 1
18 1 2
18 2 6
18 3 6
18 4 9
18 5 5
18 6 9
18 7 2
18 8 3
18 9 10
18 10 6
18 11 10
18 12 1
18 13 2
18 14 9
18 15 1
18 16 4
18 17 6
18 19 5
18 20 3
18 21 2
18 22 2
18 23 5
18 24 7
18 25 2
18 26 4
18 27 2
18 28 3
18 29 7
18 30 3
18 31 4
18 32 7
18 33 6
18 34 9
18 35 9
18 36 6
18 37 9
18 38 7
18 39 8
18 40 3
18 41 5
18 42 3
18 43 10
18 44 9
18 45 7
18 46 5
18 47 4
18 48 9
18 49 8
19 1 7
19 2 6
19 3 9
19 4 8
19 5 7
19 6 9
19 7 10
19 8 9
19 9 10
19 10 5
19 11 5
19 12 1
19 13 8
19 14 7
19 15 5
19 16 2
19 17 9
19 18 5
19 20 7
19 21 9
19 22 10
19 23 1
19 24 2
19 25 5
19 26 2
19 27 10
19 28 9
19 29 4
19 30 10
19 31 2
19 32 3
19 33 8
19 34 4
19 35 1
19 36 10
19 37 10
19 38 7
19 39 9
19 40 9
19 41 4
19 42 5
19 43 7
19 44 7
19 45 3
19 46 6
19 47 1
19 48 4
19 49 1
20 1 6
20 2 10
20 3 10
20 4 1
20 5 9
20 6 1
20 7 6
20 8 7
20 9 8
20 10 4
20 11 10
20 12 4
20 13 2
20 14 1
20 15 10
20 16 3
20 17 1
20 18 3
20 19 7
20 21 4
20 22 4
20 23 8
20 24 1
20 25 6
20 26 4
20 27 7
20 28 5
20 29 1
20 30 5
20 31 2
20 32 4
20 33 7
20 34 2
20 35 8
20 36 7
20 37 10
20 38 4
20 39 8
20 40 3
20 41 2
20 42 8
20 43 8
20 44 2
20 45 9
20 46 8
20 47 1
20 48 8
20 49 5
21 1 3
21 2 3
21 3 10
21 4 8
21 5 5
21 6 3
21 7 1
21 8 10
21 9 9
21 10 10
21 11 3
21 12 10
21 13 10
21 14 9
21 15 6
21 16 3
21 17 6
21 18 2
21 19 9
21 20 4
21 22 10
21 23 1
21 24 1
21 25 9
21 26 9
21 27 10
21 28 7
21 29 7
21 30 9
21 31 6
21 32 8
21 33 1
21 34 5
21 35 3
21 36 4
21 37 1
21 38 3
21 39 7
21 40 8
21 41 4
21 42 1
21 43 7
21 44 4
21 45 7
21 46 5
21 47 9
21 48 2
21 49 6
22 1 10
22 2 6
22 3 7
22 4 6
22 5 9
22 6 1
22 7 3
22 8 1
22 9 5
22 10 8
22 11 9
22 12 8
22 13 2
22 14 4
22 15 10
22 16 3
22 17 9
22 18 2
22 19 10
22 20 4
22 21 10
22 23 9
22 24 6
22 25 10
22 26 7
22 27 8
22 28 1
22 29 6
22 30 9
22 31 8
22 32 3
22 33 6
22 34 2
22 35 4
22 36 8
22 37 8
22 38 3
22 39 4
22 40 7
22 41 2
22 42 2
22 43 1
22 44 10
22 45 3
22 46 7
22 47 9
22 48 10
22 49 6
23 1 9
23 2 4
23 3 3
23 4 3
23 5 5
23 6 9
23 7 8
23 8 3
23 9 1
23 10 10
23 11 5
23 12 8
23 13 1
23 14 9
23 15 5
23 16 7
23 17 2
23 18 5
23 19 1
23 20 8
23 21 1
23 22 9
23 24 2
23 25 5
23 26 7
23 27 2
23 28 4
23 29 2
23 30 8
23 31 4
23 32 6
23 33 7
23 34 9
23 35 8
23 36 6
23 37 2
23 38 6
23 39 1
23 40 8
23 41 7
23 42 7
23 43 6
23 44 3
23 45 1
23 46 9
23 47 8
23 48 10
23 49 4
24 1 6
24 2 3
24 3 9
24 4 7
24 5 9
24 6 4
24 7 7
24 8 3
24 9 10
24 10 8
24 11 2
24 12 6
24 13 3
24 14 7
24 15 9
24 16 2
24 17 10
24 18 7
24 19 2
24 20 1
24 21 1
24 22 6
24 23 2
24 25 10
24 26 1
24 27 8
24 28 10
24 29 3
24 30 6
24 31 10
24 32 6
24 33 7
24 34 10
24 35 10
24 36 8
24 37 7
24 38 6
24 39 6
24 40 7
24 41 5
24 42 2
24 43 5
24 44 2
24 45 9
24 46 1
24 47 5
24 48 2
24 49 6
25 1 4
25 2 8
25 3 8
25 4 10
25 5 1
25 6 10
25 7 10
25 8 6
25 9 2
25 10 6
25 11 6
25 12 4
25 13 10
25 14 7
25 15 2
25 16 9
25 17 6
25 18 2
25 19 5
25 20 6
25 21 9
25 22 10
25 23 5
25 24 10
25 26 9
25 27 4
25 28 9
25 29 4
25 30 3
25 31 7
25 32 8
25 33 10
25 34 3
25 35 7
25 36 9
25 37 10
25 38 4
25 39 5
25 40 8
25 41 2
25 42 7
25 43 1
25 44 1
25 45 5
25 46 8
25 47 4
25 48 8
25 49 4
26 1 6
26 2 3
26 3 8
26 4 10
26 5 9
26 6 1
26 7 6
26 8 4
26 9 5
26 10 1
26 11 10
26 12 4
26 13 8
26 14 2
26 15 9
26 16 8
26 17 9
26 18 4
26 19 2
26 20 4
26 21 9
26 22 7
26 23 7
26 24 1
26 25 9
26 27 5
26 28 3
26 29 1
26 30 4
26 31 7
26 32 1
26 33 3
26 34 4
26 35 3
26 36 3
26 37 10
26 38 10
26 39 2
26 40 2
26 41 10
26 42 7
26 43 3
26 44 4
26 45 6
26 46 9
26 47 6
26 48 1
26 49 4
27 1 9
27 2 5
27 3 6
27 4 6
27 5 1
27 6 3
27 7 2
27 8 3
27 9 10
27 10 6
27 11 6
27 12 3
27 13 9
27 14 5
27 15 1
27 16 3
27 17 3
27 18 2
27 19 10
27 20 7
27 21 10
27 22 8
27 23 2
27 24 8
27 25 4
27 26 5
27 28 8
27 29 1
27 30 3
27 31 4
27 32 1
27 33 5
27 34 8
27 35 9
27 36 9
27 37 10
27 38 6
27 39 1
27 40 10
27 41 4
27 42 10
27 43 10
27 44 9
27 45 6
27 46 1
27 47 4
27 48 8
27 49 5
28 1 3
28 2 7
28 3 10
28 4 5
28 5 3
28 6 10
28 7 9
28 8 7
28 9 4
28 10 3
28 11 4
28 12 4
28 13 7
28 14 8
28 15 7
28 16 2
28 17 7
28 18 3
28 19 9
28 20 5
28 21 7
28 22 1
28 23 4
28 24 10
28 25 9
28 26 3
28 27 8
28 29 10
28 30 8
28 31 2
28 32 1
28 33 5
28 34 6
28 35 6
28 36 7
28 37 10
28 38 7
28 39 2
28 40 3
28 41 7
28 42 8
28 43 4
28 44 9
28 45 10
28 46 2
28 47 7
28 48 9
28 49 9
29 1 4
29 2 2
29 3 1
29 4 6
29 5 2
29 6 7
29 7 6
29 8 3
29 9 6
29 10 8
29 11 10
29 12 6
29 13 4
29 14 8
29 15 10
29 16 4
29 17 3
29 18 7
29 19 4
29 20 1
29 21 7
29 22 6
29 23 2
29 24 3
29 25 4
29 26 1
29 27 1
29 28 10
29 30 4
29 31 1
29 32 4
29 33 10
29 34 5
29 35 6
29 36 7
29 37 9
29 38 10
29 39 10
29 40 2
29 41 10
29 42 3
29 43 5
29 44 8
29 45 3
29 46 10
29 47 4
29 48 3
29 49 1
30 1 6
30 2 9
30 3 3
30 4 5
30 5 10
30 6 3
30 7 5
30 8 6
30 9 1
30 10 7
30 11 2
30 12 2
30 13 7
30 14 1
30 15 7
30 16 10
30 17 2
30 18 3
30 19 10
30 20 5
30 21 9
30 22 9
30 23 8
30 24 6
30 25 3
30 26 4
30 27 3
30 28 8
30 29 4
30 31 3
30 32 7
30 33 2
30 34 6
30 35 2
30 36 10
30 37 8
30 38 7
30 39 6
30 40 5
30 41 4
30 42 3
30 43 3
30 44 2
30 45 5
30 46 4
30 47 2
30 48 1
30 49 9
31 1 6
31 2 8
31 3 2
31 4 8
31 5 9
31 6 4
31 7 9
31 8 10
31 9 2
31 10 1
31 11 2
31 12 9
31 13 9
31 14 3
31 15 10
31 16 9
31 17 9
31 18 4
31 19 2
31 20 2
31 21 6
31 22 8
31 23 4
31 24 10
31 25 7
31 26 7
31 27 4
31 28 2
31 29 1
31 30 3
31 32 5
31 33 8
31 34 8
31 35 10
31 36 2
31 37 1
31 38 7
31 39 5
31 40 8
31 41 1
31 42 1
31 43 9
31 44 4
31 45 4
31 46 2
31 47 8
31 48 4
31 49 4
32 1 6
32 2 5
32 3 3
32 4 4
32 5 3
32 6 8
32 7 2
32 8 4
32 9 3
32 10 10
32 11 1
32 12 4
32 13 10
32 14 8
32 15 4
32 16 6
32 17 2
32 18 7
32 19 3
32 20 4
32 21 8
32 22 3
32 23 6
32 24 6
32 25 8
32 26 1
32 27 1
32 28 1
32 29 4
32 30 7
32 31 5
32 33 3
32 34 9
32 35 5
32 36 9
32 37 8
32 38 4
32 39 6
32 40 3
32 41 1
32 42 6
32 43 6
32 44 8
32 45 8
32 46 4
32 47 4
32 48 10
32 49 4
33 1 10
33 2 9
33 3 5
33 4 6
33 5 4
33 6 10
33 7 8
33 8 10
33 9 7
33 10 9
33 11 6
33 12 7
33 13 5
33 14 3
33 15 5
33 16 10
33 17 3
33 18 6
33 19 8
33 20 7
33 21 1
33 22 6
33 23 7
33 24 7
33 25 10
33 26 3
33 27 5
33 28 5
33 29 10
33 30 2
33 31 8
33 32 3
33 34 2
33 35 4
33 36 7
33 37 4
33 38 10
33 39 10
33 40 2
33 41 5
33 42 6
33 43 9
33 44 4
33 45 2
33 46 9
33 47 4
33 48 8
33 49 5
34 1 4
34 2 6
34 3 2
34 4 7
34 5 10
34 6 2
34 7 5
34 8 10
34 9 2
34 10 9
34 11 5
34 12 7
34 13 9
34 14 8
34 15 6
34 16 4
34 17 6
34 18 9
34 19 4
34 20 2
34 21 5
34 22 2
34 23 9
34 24 10
34 25 3
34 26 4
34 27 8
34 28 6
34 29 5
34 30 6
34 31 8
34 32 9
34 33 2
34 35 7
34 36 2
34 37 8
34 38 9
34 39 10
34 40 7
34 41 1
34 42 8
34 43 2
34 44 10
34 45 3
34 46 2
34 47 9
34 48 6
34 49 3
35 1 10
35 2 8
35 3 2
35 4 6
35 5 7
35 6 3
35 7 10
35 8 8
35 9 2
35 10 9
35 11 5
35 12 8
35 13 4
35 14 1
35 15 9
35 16 5
35 17 2
35 18 9
35 19 1
35 20 8
35 21 3
35 22 4
35 23 8
35 24 10
35 25 7
35 26 3
35 27 9
35 28 6
35 29 6
35 30 2
35 31 10
35 32 5
35 33 4
35 34 7
35 36 6
35 37 2
35 38 2
35 39 1
35 40 6
35 41 8
35 42 4
35 43 8
35 44 10
35 45 6
35 46 9
35 47 6
35 48 9
35 49 8
36 1 5
36 2 1
36 3 7
36 4 5
36 5 2
36 6 1
36 7 10
36 8 9
36 9 7
36 10 5
36 11 6
36 12 4
36 13 2
36 14 9
36 15 2
36 16 1
36 17 10
36 18 6
36 19 10
36 20 7
36 21 4
36 22 8
36 23 6
36 24 8
36 25 9
36 26 3
36 27 9
36 28 7
36 29 7
36 30 10
36 31 2
36 32 9
36 33 7
36 34 2
36 35 6
36 37 1
36 38 5
36 39 10
36 40 2
36 41 5
36 42 1
36 43 8
36 44 2
36 45 3
36 46 1
36 47 5
36 48 9
36 49 9
37 1 4
37 2 4
37 3 10
37 4 4
37 5 3
37 6 2
37 7 6
37 8 3
37 9 1
37 10 1
37 11 7
37 12 6
37 13 6
37 14 5
37 15 9
37 16 2
37 17 3
37 18 9
37 19 10
37 20 10
37 21 1
37 22 8
37 23 2
37 24 7
37 25 10
37 26 10
37 27 10
37 28 10
37 29 9
37 30 8
37 31 1
37 32 8
37 33 4
37 34 8
37 35 2
37 36 1
37 38 2
37 39 4
37 40 1
37 41 6
37 42 9
37 43 1
37 44 6
37 45 6
37 46 8
37 47 3
37 48 6
37 49 9
38 1 8
38 2 5
38 3 2
38 4 2
38 5 2
38 6 9
38 7 4
38 8 6
38 9 4
38 10 2
38 11 4
38 12 7
38 13 6
38 14 5
38 15 6
38 16 2
38 17 8
38 18 7
38 19 7
38 20 4
38 21 3
38 22 3
38 23 6
38 24 6
38 25 4
38 26 10
38 27 6
38 28 7
38 29 10
38 30 7
38 31 7
38 32 4
38 33 10
38 34 9
38 35 2
38 36 5
38 37 2
38 39 10
38 40 2
38 41 9
38 42 6
38 43 8
38 44 4
38 45 6
38 46 7
38 47 10
38 48 3
38 49 2
39 1 8
39 2 1
39 3 1
39 4 3
39 5 9
39 6 7
39 7 9
39 8 2
39 9 1
39 10 8
39 11 7
39 12 3
39 13 8
39 14 4
39 15 4
39 16 9
39 17 8
39 18 8
39 19 9
39 20 8
39 21 7
39 22 4
39 23 1
39 24 6
39 25 5
39 26 2
39 27 1
39 28 2
39 29 10
39 30 6
39 31 5
39 32 6
39 33 10
39 34 10
39 35 1
39 36 10
39 37 4
39 38 10
39 40 6
39 41 3
39 42 10
39 43 8
39 44 10
39 45 2
39 46 1
39 47 7
39 48 3
39 49 1
40 1 7
40 2 8
40 3 10
40 4 7
40 5 6
40 6 7
40 7 7
40 8 2
40 9 5
40 10 5
40 11 10
40 12 7
40 13 1
40 14 8
40 15 4
40 16 9
40 17 10
40 18 3
40 19 9
40 20 3
40 21 8
40 22 7
40 23 8
40 24 7
40 25 8
40 26 2
40 27 10
40 28 3
40 29 2
40 30 5
40 31 8
40 32 3
40 33 2
40 34 7
40 35 6
40 36 2
40 37 1
40 38 2
40 39 6
40 41 8
40 42 6
40 43 1
40 44 9
40 45 1
40 46 10
40 47 1
40 48 5
40 49 5
41 1 7
41 2 8
41 3 7
41 4 8
41 5 4
41 6 9
41 7 9
41 8 1
41 9 4
41 10 2
41 11 8
41 12 3
41 13 10
41 14 10
41 15 1
41 16 2
41 17 9
41 18 5
41 19 4
41 20 2
41 21 4
41 22 2
41 23 7
41 24 5
41 25 2
41 26 10
41 27 4
41 28 7
41 29 10
41 30 4
41 31 1
41 32 1
41 33 5
41 34 1
41 35 8
41 36 5
41 37 6
41 38 9
41 39 3
41 40 8
41 42 6
41 43 10
41 44 7
41 45 6
41 46 9
41 47 10
41 48 1
41 49 10
42 1 9
42 2 8
42 3 3
42 4 9
42 5 8
42 6 6
42 7 1
42 8 5
42 9 7
42 10 7
42 11 4
42 12 1
42 13 9
42 14 8
42 15 10
42 16 6
42 17 9
42 18 3
42 19 5
42 20 8
42 21 1
42 22 2
42 23 7
42 24 2
42 25 7
42 26 7
42 27 10
42 28 8
42 29 3
42 30 3
42 31 1
42 32 6
42 33 6
42 34 8
42 35 4
42 36 1
42 37 9
42 38 6
42 39 10
42 40 6
42 41 6
42 43 1
42 44 1
42 45 5
42 46 8
42 47 6
42 48 5
42 49 7
43 1 7
43 2 10
43 3 10
43 4 5
43 5 6
43 6 4
43 7 9
43 8 2
43 9 5
43 10 5
43 11 7
43 12 3
43 13 1
43 14 7
43 15 2
43 16 3
43 17 10
43 18 10
43 19 7
43 20 8
43 21 7
43 22 1
43 23 6
43 24 5
43 25 1
43 26 3
43 27 10
43 28 4
43 29 5
43 30 3
43 31 9
43 32 6
43 33 9
43 34 2
43 35 8
43 36 8
43 37 1
43 38 8
43 39 8
43 40 1
43 41 10
43 42 1
43 44 2
43 45 9
43 46 5
43 47 3
43 48 2
43 49 2
44 1 6
44 2 4
44 3 7
44 4 9
44 5 10
44 6 4
44 7 1
44 8 5
44 9 5
44 10 10
44 11 1
44 12 8
44 13 8
44 14 1
44 15 3
44 16 2
44 17 4
44 18 9
44 19 7
44 20 2
44 21 4
44 22 10
44 23 3
44 24 2
44 25 1
44 26 4
44 27 9
44 28 9
44 29 8
44 30 2
44 31 4
44 32 8
44 33 4
44 34 10
44 35 10
44 36 2
44 37 6
44 38 4
44 39 10
44 40 9
44 41 7
44 42 1
44 43 2
44 45 9
44 46 3
44 47 8
44 48 7
44 49 3
45 1 1
45 2 1
45 3 7
45 4 3
45 5 9
45 6 1
45 7 2
45 8 10
45 9 1
45 10 10
45 11 9
45 12 2
45 13 2
45 14 9
45 15 5
45 16 10
45 17 10
45 18 7
45 19 3
45 20 9
45 21 7
45 22 3
45 23 1
45 24 9
45 25 5
45 26 6
45 27 6
45 28 10
45 29 3
45 30 5
45 31 4
45 32 8
45 33 2
45 34 3
45 35 6
45 36 3
45 37 6
45 38 6
45 39 2
45 40 1
45 41 6
45 42 5
45 43 9
45 44 9
45 46 5
45 47 6
45 48 1
45 49 10
46 1 10
46 2 8
46 3 5
46 4 6
46 5 4
46 6 4
46 7 3
46 8 3
46 9 6
46 10 5
46 11 1
46 12 6
46 13 4
46 14 2
46 15 6
46 16 7
46 17 1
46 18 5
46 19 6
46 20 8
46 21 5
46 22 7
46 23 9
46 24 1
46 25 8
46 26 9
46 27 1
46 28 2
46 29 10
46 30 4
46 31 2
46 32 4
46 33 9
46 34 2
46 35 9
46 36 1
46 37 8
46 38 7
46 39 1
46 40 10
46 41 9
46 42 8
46 43 5
46 44 3
46 45 5
46 47 2
46 48 7
46 49 6
47 1 1
47 2 1
47 3 4
47 4 6
47 5 2
47 6 4
47 7 10
47 8 3
47 9 5
47 10 6
47 11 7
47 12 1
47 13 8
47 14 1
47 15 5
47 16 5
47 17 3
47 18 4
47 19 1
47 20 1
47 21 9
47 22 9
47 23 8
47 24 5
47 25 4
47 26 6
47 27 4
47 28 7
47 29 4
47 30 2
47 31 8
47 32 4
47 33 4
47 34 9
47 35 6
47 36 5
47 37 3
47 38 10
47 39 7
47 40 1
47 41 10
47 42 6
47 43 3
47 44 8
47 45 6
47 46 2
47 48 10
47 49 4
48 1 3
48 2 5
48 3 10
48 4 1
48 5 10
48 6 6
48 7 8
48 8 7
48 9 4
48 10 1
48 11 8
48 12 3
48 13 9
48 14 5
48 15 2
48 16 3
48 17 3
48 18 9
48 19 4
48 20 8
48 21 2
48 22 10
48 23 10
48 24 2
48 25 8
48 26 1
48 27 8
48 28 9
48 29 3
48 30 1
48 31 4
48 32 10
48 33 8
48 34 6
48 35 9
48 36 9
48 37 6
48 38 3
48 39 3
48 40 5
48 41 1
48 42 5
48 43 2
48 44 7
48 45 1
48 46 7
48 47 10
48 49 2
1 t 3
2 t 2
3 t 10
4 t 3
5 t 8
6 t 4
7 t 1
8 t 10
9 t 2
10 t 6
11 t 2
12 t 8
13 t 4
14 t 5
15 t 5
16 t 4
17 t 1
18 t 8
19 t 1
20 t 5
21 t 6
22 t 6
23 t 4
24 t 6
25 t 4
26 t 4
27 t 5
28 t 9
29 t 1
30 t 9
31 t 4
32 t 4
33 t 5
34 t 3
35 t 8
36 t 9
37 t 9
38 t 2
39 t 1
40 t 5
41 t 10
42 t 7
43 t 2
44 t 3
45 t 10
46 t 6
47 t 4
48 t 2
