s 22 3
s 30 4
s 47 1
s 48 5
1 4 5
1 7 8
1 22 5
1 34 8
3 10 5
3 11 8
3 17 4
3 25 3
3 26 5
3 31 3
3 41 1
3 42 2
4 1 5
4 19 3
4 23 1
4 34 7
5 13 5
5 14 6
5 26 9
5 38 6
5 45 10
5 49 2
7 1 8
7 18 5
7 27 2
7 39 4
7 44 5
8 19 2
8 30 5
8 49 3
9 12 8
9 13 1
9 44 3
10 3 5
10 14 10
10 33 9
10 46 2
11 3 8
11 16 2
11 24 3
11 37 9
11 42 1
12 9 8
12 17 7
12 21 3
12 23 8
12 41 7
13 5 5
13 9 1
13 16 3
13 19 4
13 20 10
13 21 7
13 42 10
13 43 3
13 45 4
13 46 5
14 5 6
14 10 10
14 18 10
15 30 5
15 41 7
15 44 4
16 11 2
16 13 3
17 3 4
17 12 7
17 22 5
17 24 3
17 26 5
17 36 2
17 37 3
17 40 2
18 7 5
18 14 10
18 33 5
18 38 3
18 40 3
18 44 4
18 46 2
19 4 3
19 8 2
19 13 4
19 27 1
19 41 6
19 48 4
19 49 9
20 13 10
20 29 2
21 12 3
21 13 7
21 24 10
21 39 7
21 40 1
21 45 3
22 1 5
22 17 5
22 49 10
23 4 1
23 12 8
23 24 9
23 32 4
23 34 4
24 11 3
24 17 3
24 21 10
24 23 9
24 27 7
24 32 9
24 36 4
24 45 8
25 3 3
25 38 2
26 3 5
26 5 9
26 17 5
26 40 8
27 7 2
27 19 1
27 24 7
27 32 10
27 36 7
28 29 5
28 33 10
28 38 4
28 44 9
28 46 5
29 20 2
29 28 5
29 34 10
29 35 6
29 37 4
29 40 6
29 45 9
29 46 8
30 8 5
30 15 5
31 3 3
31 32 9
31 39 5
31 42 9
32 23 4
32 24 9
32 27 10
32 31 9
32 48 5
33 10 9
33 18 5
33 28 10
34 1 8
34 4 7
34 23 4
34 29 10
34 35 6
35 29 6
35 34 6
36 17 2
36 24 4
36 27 7
37 11 9
37 17 3
37 29 4
38 5 6
38 18 3
38 25 2
38 28 4
38 46 2
39 7 4
39 21 7
39 31 5
39 43 7
40 17 2
40 18 3
40 21 1
40 26 8
40 29 6
41 3 1
41 12 7
41 15 7
41 19 6
42 3 2
42 11 1
42 13 10
42 31 9
43 13 3
43 39 7
43 44 7
44 7 5
44 9 3
44 15 4
44 18 4
44 28 9
44 43 7
44 48 8
44 49 9
45 5 10
45 13 4
45 21 3
45 24 8
45 29 9
46 10 2
46 13 5
46 18 2
46 28 5
46 29 8
46 38 2
48 19 4
48 32 5
48 44 8
5 t 2
8 t 3
19 t 9
22 t 10
44 t 9
