s 1 7
s 4 9
s 7 2
s 11 7
s 12 2
s 14 10
s 15 10
s 16 8
s 17 9
s 18 4
s 19 5
s 20 8
s 21 7
s 23 6
s 24 2
s 25 8
s 26 7
s 28 1
s 29 2
s 33 10
s 34 7
s 35 6
s 36 6
s 38 8
s 40 8
s 41 2
s 42 9
s 44 8
s 46 4
s 47 6
s 48 2
s 49 2
1 2 3
1 5 8
1 6 8
1 8 6
1 11 7
1 12 5
1 15 6
1 16 5
1 17 3
1 18 8
1 19 10
1 20 2
1 21 8
1 23 10
1 25 6
1 26 1
1 27 2
1 28 4
1 35 8
1 36 8
1 37 2
1 41 9
1 42 10
1 43 5
1 44 8
1 45 1
1 48 7
1 49 5
2 1 3
2 4 10
2 5 2
2 9 3
2 10 1
2 12 1
2 13 2
2 14 8
2 15 5
2 16 1
2 18 1
2 19 6
2 20 1
2 22 3
2 23 4
2 25 4
2 26 1
2 28 2
2 29 1
2 30 6
2 32 10
2 33 8
2 38 6
2 40 1
2 42 4
2 43 2
2 44 8
2 45 1
2 47 2
2 48 4
3 6 8
3 7 1
3 8 3
3 12 8
3 14 1
3 15 3
3 16 3
3 17 2
3 18 9
3 20 9
3 21 10
3 22 6
3 23 6
3 25 9
3 29 1
3 31 10
3 32 1
3 33 9
3 34 10
3 38 4
3 39 1
3 40 1
3 42 4
3 43 8
3 44 9
3 46 9
3 47 9
3 48 9
4 2 10
4 5 6
4 6 3
4 8 5
4 10 4
4 11 3
4 12 2
4 13 6
4 15 3
4 17 9
4 18 6
4 19 4
4 22 4
4 23 6
4 25 8
4 26 6
4 27 5
4 29 3
4 31 9
4 32 8
4 35 6
4 36 1
4 40 5
4 42 9
4 44 9
4 45 6
4 47 9
4 48 6
5 1 8
5 2 2
5 4 6
5 7 1
5 11 5
5 12 5
5 16 7
5 17 4
5 18 9
5 21 8
5 22 1
5 23 5
5 24 5
5 25 9
5 26 3
5 27 8
5 29 5
5 30 4
5 31 6
5 32 8
5 33 9
5 35 2
5 38 7
5 39 10
5 40 5
5 42 5
5 44 7
5 45 1
5 46 6
5 47 7
5 48 2
6 1 8
6 3 8
6 4 3
6 9 10
6 10 10
6 12 5
6 13 10
6 14 8
6 15 10
6 16 2
6 19 9
6 23 10
6 24 9
6 25 2
6 28 7
6 30 10
6 34 8
6 35 7
6 36 10
6 37 5
6 39 4
6 42 3
6 43 10
6 44 1
6 45 5
6 46 5
6 47 8
6 49 7
7 3 1
7 5 1
7 8 8
7 9 7
7 10 10
7 11 7
7 12 2
7 13 8
7 17 8
7 18 7
7 19 7
7 21 7
7 22 1
7 23 7
7 26 4
7 28 2
7 30 10
7 31 10
7 33 7
7 34 1
7 35 4
7 37 8
7 41 4
7 42 8
7 44 9
7 46 1
7 47 1
7 48 4
7 49 3
8 1 6
8 3 3
8 4 5
8 7 8
8 10 3
8 13 1
8 14 9
8 17 9
8 18 10
8 19 3
8 20 8
8 25 4
8 27 1
8 28 8
8 29 9
8 36 7
8 37 3
8 38 8
8 41 5
8 43 7
8 45 9
8 48 9
8 49 9
9 2 3
9 6 10
9 7 7
9 13 4
9 15 8
9 16 5
9 18 6
9 19 2
9 22 6
9 23 4
9 24 7
9 25 8
9 26 8
9 29 8
9 31 10
9 36 6
9 37 9
9 38 6
9 39 8
9 41 8
9 43 7
9 45 5
9 48 5
9 49 7
10 2 1
10 4 4
10 6 10
10 7 10
10 8 3
10 12 3
10 15 1
10 17 3
10 20 5
10 23 8
10 27 2
10 28 8
10 33 10
10 34 9
10 36 9
10 38 5
10 40 7
10 41 1
10 43 8
10 44 6
10 46 7
10 47 4
10 48 9
11 1 7
11 4 3
11 5 5
11 7 7
11 15 3
11 16 3
11 17 8
11 18 5
11 19 10
11 20 2
11 21 1
11 23 1
11 24 4
11 27 1
11 28 3
11 29 6
11 31 8
11 32 9
11 35 6
11 38 10
11 39 9
11 40 1
11 42 4
11 44 3
11 45 2
11 46 7
11 47 5
11 49 8
12 1 5
12 2 1
12 3 8
12 4 2
12 5 5
12 6 5
12 7 2
12 10 3
12 13 4
12 15 6
12 16 1
12 17 10
12 18 5
12 21 3
12 22 9
12 23 2
12 26 9
12 28 4
12 29 5
12 30 3
12 32 10
12 34 3
12 35 4
12 36 1
12 37 3
12 38 6
12 41 3
12 42 6
12 43 7
12 44 8
12 45 8
12 46 7
12 49 1
13 2 2
13 4 6
13 6 10
13 7 8
13 8 1
13 9 4
13 12 4
13 14 8
13 16 7
13 18 8
13 19 7
13 21 4
13 25 2
13 26 9
13 30 5
13 31 10
13 32 8
13 34 7
13 36 3
13 39 2
13 40 3
13 41 10
13 43 2
13 44 8
13 45 2
13 46 10
13 47 8
13 48 3
14 2 8
14 3 1
14 6 8
14 8 9
14 13 8
14 17 10
14 21 2
14 22 3
14 23 7
14 24 5
14 26 2
14 27 1
14 28 2
14 29 8
14 30 8
14 31 3
14 32 1
14 34 5
14 35 9
14 36 3
14 39 9
14 40 7
14 43 1
14 45 1
14 48 4
14 49 2
15 1 6
15 2 5
15 3 3
15 4 3
15 6 10
15 9 8
15 10 1
15 11 3
15 12 6
15 16 6
15 19 1
15 20 10
15 21 8
15 22 6
15 25 7
15 26 5
15 27 7
15 30 7
15 32 4
15 33 6
15 35 9
15 36 1
15 37 5
15 38 8
15 39 5
15 42 1
15 49 10
16 1 5
16 2 1
16 3 3
16 5 7
16 6 2
16 9 5
16 11 3
16 12 1
16 13 7
16 15 6
16 18 9
16 19 1
16 21 9
16 22 7
16 24 1
16 27 3
16 28 7
16 29 8
16 31 2
16 33 1
16 36 10
16 37 2
16 38 7
16 48 10
16 49 8
17 1 3
17 3 2
17 4 9
17 5 4
17 7 8
17 8 9
17 10 3
17 11 8
17 12 10
17 14 10
17 18 7
17 21 3
17 22 2
17 23 3
17 24 7
17 25 1
17 27 10
17 31 1
17 32 7
17 34 4
17 35 9
17 37 3
17 38 8
17 39 5
17 41 4
17 43 1
17 44 10
17 46 5
17 47 2
17 49 7
18 1 8
18 2 1
18 3 9
18 4 6
18 5 9
18 7 7
18 8 10
18 9 6
18 11 5
18 12 5
18 13 8
18 16 9
18 17 7
18 19 7
18 20 5
18 21 7
18 22 4
18 24 9
18 25 10
18 26 9
18 31 7
18 32 10
18 35 8
18 37 5
18 38 1
18 39 4
18 40 7
18 41 7
18 42 9
18 45 4
18 46 6
18 47 9
18 48 3
18 49 4
19 1 10
19 2 6
19 4 4
19 6 9
19 7 7
19 8 3
19 9 2
19 11 10
19 13 7
19 15 1
19 16 1
19 18 7
19 22 2
19 23 1
19 24 8
19 25 4
19 26 9
19 30 4
19 32 7
19 33 8
19 35 5
19 36 4
19 37 6
19 38 8
19 42 7
19 44 8
19 45 7
20 1 2
20 2 1
20 3 9
20 8 8
20 10 5
20 11 2
20 15 10
20 18 5
20 21 7
20 23 10
20 24 1
20 26 6
20 28 7
20 29 8
20 32 10
20 34 5
20 37 2
20 38 8
20 40 3
20 41 1
20 42 10
20 44 9
20 45 6
20 46 3
20 48 1
20 49 2
21 1 8
21 3 10
21 5 8
21 7 7
21 11 1
21 12 3
21 13 4
21 14 2
21 15 8
21 16 9
21 17 3
21 18 7
21 20 7
21 23 3
21 25 3
21 29 4
21 30 2
21 31 5
21 34 8
21 35 7
21 36 9
21 42 8
21 43 7
21 47 9
22 2 3
22 3 6
22 4 4
22 5 1
22 7 1
22 9 6
22 12 9
22 14 3
22 15 6
22 16 7
22 17 2
22 18 4
22 19 2
22 23 5
22 24 10
22 27 4
22 28 1
22 31 1
22 33 7
22 35 10
22 38 3
22 40 10
22 41 7
22 42 5
22 43 1
22 44 5
22 49 9
23 1 10
23 2 4
23 3 6
23 4 6
23 5 5
23 6 10
23 7 7
23 9 4
23 10 8
23 11 1
23 12 2
23 14 7
23 17 3
23 19 1
23 20 10
23 21 3
23 22 5
23 24 1
23 25 3
23 27 2
23 31 2
23 32 8
23 34 7
23 35 10
23 36 1
23 38 5
23 41 6
23 42 1
23 43 4
23 45 9
23 47 3
24 5 5
24 6 9
24 9 7
24 11 4
24 14 5
24 16 1
24 17 7
24 18 9
24 19 8
24 20 1
24 22 10
24 23 1
24 25 7
24 26 5
24 30 10
24 33 3
24 34 3
24 36 1
24 37 6
24 39 5
24 40 1
24 41 5
24 42 7
24 44 3
24 48 3
25 1 6
25 2 4
25 3 9
25 4 8
25 5 9
25 6 2
25 8 4
25 9 8
25 13 2
25 15 7
25 17 1
25 18 10
25 19 4
25 21 3
25 23 3
25 24 7
25 26 10
25 27 1
25 28 3
25 29 5
25 30 9
25 31 9
25 33 7
25 34 3
25 35 1
25 38 4
25 41 5
25 45 10
25 46 10
25 48 3
26 1 1
26 2 1
26 4 6
26 5 3
26 7 4
26 9 8
26 12 9
26 13 9
26 14 2
26 15 5
26 18 9
26 19 9
26 20 6
26 24 5
26 25 10
26 29 1
26 30 2
26 31 2
26 32 6
26 33 8
26 36 7
26 38 10
26 39 1
26 40 7
26 41 1
26 42 8
26 45 6
26 47 2
26 49 5
27 1 2
27 4 5
27 5 8
27 8 1
27 10 2
27 11 1
27 14 1
27 15 7
27 16 3
27 17 10
27 22 4
27 23 2
27 25 1
27 28 9
27 31 1
27 32 4
27 34 3
27 35 1
27 36 5
27 39 1
27 41 6
27 43 2
27 44 2
27 45 3
27 47 8
27 48 6
27 49 9
28 1 4
28 2 2
28 6 7
28 7 2
28 8 8
28 10 8
28 11 3
28 12 4
28 14 2
28 16 7
28 20 7
28 22 1
28 25 3
28 27 9
28 29 3
28 30 1
28 31 8
28 33 1
28 34 6
28 37 7
28 38 9
28 39 6
28 42 2
28 43 5
28 46 3
28 48 4
28 49 7
29 2 1
29 3 1
29 4 3
29 5 5
29 8 9
29 9 8
29 11 6
29 12 5
29 14 8
29 16 8
29 20 8
29 21 4
29 25 5
29 26 1
29 28 3
29 30 7
29 31 1
29 34 6
29 38 10
29 39 4
29 41 7
29 42 8
29 43 10
29 45 9
29 46 2
29 47 10
29 48 6
29 49 3
30 2 6
30 5 4
30 6 10
30 7 10
30 12 3
30 13 5
30 14 8
30 15 7
30 19 4
30 21 2
30 24 10
30 25 9
30 26 2
30 28 1
30 29 7
30 31 1
30 33 9
30 34 9
30 36 9
30 37 3
30 38 3
30 40 4
30 44 5
30 46 7
30 48 7
31 3 10
31 4 9
31 5 6
31 7 10
31 9 10
31 11 8
31 13 10
31 14 3
31 16 2
31 17 1
31 18 7
31 21 5
31 22 1
31 23 2
31 25 9
31 26 2
31 27 1
31 28 8
31 29 1
31 30 1
31 32 2
31 33 3
31 35 9
31 36 4
31 37 9
31 38 6
31 39 8
31 40 2
31 45 1
31 46 2
31 47 4
32 2 10
32 3 1
32 4 8
32 5 8
32 11 9
32 12 10
32 13 8
32 14 1
32 15 4
32 17 7
32 18 10
32 19 7
32 20 10
32 23 8
32 26 6
32 27 4
32 31 2
32 34 5
32 37 9
32 39 7
32 40 2
32 41 4
32 43 9
32 44 2
32 45 4
32 47 5
33 2 8
33 3 9
33 5 9
33 7 7
33 10 10
33 15 6
33 16 1
33 19 8
33 22 7
33 24 3
33 25 7
33 26 8
33 28 1
33 30 9
33 31 3
33 36 5
33 38 3
33 40 2
33 41 6
33 42 8
33 43 7
33 44 8
33 45 6
33 46 8
33 47 4
33 49 3
34 3 10
34 6 8
34 7 1
34 10 9
34 12 3
34 13 7
34 14 5
34 17 4
34 20 5
34 21 8
34 23 7
34 24 3
34 25 3
34 27 3
34 28 6
34 29 6
34 30 9
34 32 5
34 38 1
34 39 5
34 40 4
34 41 1
34 44 4
34 46 4
34 47 3
34 48 6
34 49 10
35 1 8
35 4 6
35 5 2
35 6 7
35 7 4
35 11 6
35 12 4
35 14 9
35 15 9
35 17 9
35 18 8
35 19 5
35 21 7
35 22 10
35 23 10
35 25 1
35 27 1
35 31 9
35 36 1
35 37 10
35 38 6
35 39 5
35 42 1
35 45 7
35 47 10
35 48 3
35 49 5
36 1 8
36 4 1
36 6 10
36 8 7
36 9 6
36 10 9
36 12 1
36 13 3
36 14 3
36 15 1
36 16 10
36 19 4
36 21 9
36 23 1
36 24 1
36 26 7
36 27 5
36 30 9
36 31 4
36 33 5
36 35 1
36 39 8
36 41 2
36 42 4
36 43 2
36 44 8
36 46 2
36 47 3
36 49 10
37 1 2
37 6 5
37 7 8
37 8 3
37 9 9
37 12 3
37 15 5
37 16 2
37 17 3
37 18 5
37 19 6
37 20 2
37 24 6
37 28 7
37 30 3
37 31 9
37 32 9
37 35 10
37 38 4
37 39 3
37 40 4
37 42 10
37 48 8
37 49 4
38 2 6
38 3 4
38 5 7
38 8 8
38 9 6
38 10 5
38 11 10
38 12 6
38 15 8
38 16 7
38 17 8
38 18 1
38 19 8
38 20 8
38 22 3
38 23 5
38 25 4
38 26 10
38 28 9
38 29 10
38 30 3
38 31 6
38 33 3
38 34 1
38 35 6
38 37 4
38 40 6
38 41 9
38 44 10
38 45 1
38 47 7
38 48 8
38 49 8
39 3 1
39 5 10
39 6 4
39 9 8
39 11 9
39 13 2
39 14 9
39 15 5
39 17 5
39 18 4
39 24 5
39 26 1
39 27 1
39 28 6
39 29 4
39 31 8
39 32 7
39 34 5
39 35 5
39 36 8
39 37 3
39 40 10
39 41 1
39 44 5
39 45 4
39 47 8
39 48 4
40 2 1
40 3 1
40 4 5
40 5 5
40 10 7
40 11 1
40 13 3
40 14 7
40 18 7
40 20 3
40 22 10
40 24 1
40 26 7
40 30 4
40 31 2
40 32 2
40 33 2
40 34 4
40 37 4
40 38 6
40 39 10
40 41 1
40 43 4
40 44 9
40 46 5
40 47 8
41 1 9
41 7 4
41 8 5
41 9 8
41 10 1
41 12 3
41 13 10
41 17 4
41 18 7
41 20 1
41 22 7
41 23 6
41 24 5
41 25 5
41 26 1
41 27 6
41 29 7
41 32 4
41 33 6
41 34 1
41 36 2
41 38 9
41 39 1
41 40 1
41 42 7
41 44 5
41 45 1
41 47 6
41 48 4
42 1 10
42 2 4
42 3 4
42 4 9
42 5 5
42 6 3
42 7 8
42 11 4
42 12 6
42 15 1
42 18 9
42 19 7
42 20 10
42 21 8
42 22 5
42 23 1
42 24 7
42 26 8
42 28 2
42 29 8
42 33 8
42 35 1
42 36 4
42 37 10
42 41 7
42 44 7
42 46 9
42 48 7
43 1 5
43 2 2
43 3 8
43 6 10
43 8 7
43 9 7
43 10 8
43 12 7
43 13 2
43 14 1
43 17 1
43 21 7
43 22 1
43 23 4
43 27 2
43 28 5
43 29 10
43 32 9
43 33 7
43 36 2
43 40 4
43 44 6
43 46 7
43 49 8
44 1 8
44 2 8
44 3 9
44 4 9
44 5 7
44 6 1
44 7 9
44 10 6
44 11 3
44 12 8
44 13 8
44 17 10
44 19 8
44 20 9
44 22 5
44 24 3
44 27 2
44 30 5
44 32 2
44 33 8
44 34 4
44 36 8
44 38 10
44 39 5
44 40 9
44 41 5
44 42 7
44 43 6
44 47 6
44 49 8
45 1 1
45 2 1
45 4 6
45 5 1
45 6 5
45 8 9
45 9 5
45 11 2
45 12 8
45 13 2
45 14 1
45 18 4
45 19 7
45 20 6
45 23 9
45 25 10
45 26 6
45 27 3
45 29 9
45 31 1
45 32 4
45 33 6
45 35 7
45 38 1
45 39 4
45 41 1
45 49 4
46 3 9
46 5 6
46 6 5
46 7 1
46 10 7
46 11 7
46 12 7
46 13 10
46 17 5
46 18 6
46 20 3
46 25 10
46 28 3
46 29 2
46 30 7
46 31 2
46 33 8
46 34 4
46 36 2
46 40 5
46 42 9
46 43 7
46 47 4
46 49 7
47 2 2
47 3 9
47 4 9
47 5 7
47 6 8
47 7 1
47 10 4
47 11 5
47 13 8
47 17 2
47 18 9
47 21 9
47 23 3
47 26 2
47 27 8
47 29 10
47 31 4
47 32 5
47 33 4
47 34 3
47 35 10
47 36 3
47 38 7
47 39 8
47 40 8
47 41 6
47 44 6
47 46 4
48 1 7
48 2 4
48 3 9
48 4 6
48 5 2
48 7 4
48 8 9
48 9 5
48 10 9
48 13 3
48 14 4
48 16 10
48 18 3
48 20 1
48 24 3
48 25 3
48 27 6
48 28 4
48 29 6
48 30 7
48 34 6
48 35 3
48 37 8
48 38 8
48 39 4
48 41 4
48 42 7
1 t 5
6 t 7
7 t 3
8 t 9
9 t 7
11 t 8
12 t 1
14 t 2
15 t 10
16 t 8
17 t 7
18 t 4
20 t 2
22 t 9
26 t 5
27 t 9
28 t 7
29 t 3
33 t 3
34 t 10
35 t 5
36 t 10
37 t 4
38 t 8
43 t 8
44 t 8
45 t 4
46 t 7
