s 1 15
s 2 47
s 5 26
s 8 44
s 10 46
s 11 4
s 13 13
s 16 84
s 21 82
s 24 73
s 26 70
s 29 31
s 30 11
s 35 35
s 36 52
s 37 44
s 38 6
s 40 48
s 42 2
s 44 9
s 45 17
s 47 1
s 48 51
s 49 29
1 3 90
1 4 90
1 8 36
1 12 8
1 13 70
1 15 70
1 16 76
1 20 60
1 25 18
1 29 90
1 30 66
1 31 11
1 35 72
1 38 6
1 39 48
1 41 41
1 45 64
1 46 60
1 49 72
2 3 70
2 5 85
2 7 4
2 9 45
2 10 45
2 11 6
2 14 72
2 16 15
2 17 26
2 18 52
2 20 69
2 24 44
2 27 62
2 28 60
2 29 23
2 32 74
2 34 87
2 35 45
2 36 19
2 39 63
2 41 28
2 45 67
2 46 21
2 49 47
3 1 90
3 2 70
3 11 54
3 12 6
3 13 84
3 16 22
3 17 19
3 19 51
3 20 58
3 21 84
3 22 23
3 23 23
3 24 53
3 29 21
3 30 63
3 31 36
3 34 78
3 37 62
3 38 62
3 39 11
3 41 5
3 43 24
3 45 4
3 49 29
4 1 90
4 5 64
4 6 81
4 7 66
4 9 69
4 10 89
4 12 5
4 15 8
4 18 4
4 19 31
4 21 82
4 24 11
4 28 23
4 29 77
4 30 45
4 31 68
4 33 84
4 34 21
4 35 40
4 39 4
4 44 51
4 46 59
4 48 43
4 49 16
5 2 85
5 4 64
5 7 46
5 10 49
5 13 86
5 15 69
5 16 51
5 17 32
5 18 15
5 19 25
5 21 61
5 22 62
5 23 66
5 24 24
5 26 50
5 27 56
5 29 30
5 36 4
5 37 71
5 39 42
5 41 90
5 46 25
5 47 49
5 48 23
5 49 36
6 4 81
6 7 84
6 8 82
6 10 27
6 13 45
6 14 21
6 15 15
6 17 75
6 18 43
6 19 20
6 22 8
6 24 81
6 28 19
6 29 42
6 32 67
6 33 58
6 41 36
6 45 60
6 48 32
6 49 3
7 2 4
7 4 66
7 5 46
7 6 84
7 8 21
7 10 13
7 11 32
7 13 45
7 16 43
7 19 5
7 20 13
7 22 56
7 25 6
7 27 14
7 29 29
7 30 15
7 31 32
7 34 52
7 35 32
7 36 5
7 37 4
7 40 52
7 42 71
7 44 52
7 45 48
7 47 41
7 49 44
8 1 36
8 6 82
8 7 21
8 9 89
8 12 34
8 13 81
8 15 84
8 16 18
8 21 41
8 26 83
8 28 52
8 30 14
8 31 13
8 34 25
8 35 16
8 37 12
8 38 50
8 40 70
8 41 81
8 42 65
8 44 38
8 45 1
8 48 17
8 49 88
9 2 45
9 4 69
9 8 89
9 12 64
9 13 33
9 16 77
9 17 40
9 19 81
9 20 40
9 23 22
9 24 32
9 26 49
9 28 52
9 30 15
9 32 77
9 33 5
9 34 11
9 35 8
9 37 30
9 39 63
9 40 69
9 42 12
9 45 48
10 2 45
10 4 89
10 5 49
10 6 27
10 7 13
10 11 35
10 15 50
10 16 57
10 18 57
10 24 48
10 27 74
10 28 55
10 29 1
10 31 77
10 32 69
10 33 78
10 36 4
10 38 51
10 39 83
10 41 20
10 42 41
10 45 76
10 49 59
11 2 6
11 3 54
11 7 32
11 10 35
11 15 39
11 16 71
11 17 1
11 19 76
11 21 45
11 22 4
11 24 44
11 28 40
11 35 13
11 37 20
11 39 26
11 40 12
11 43 20
11 45 49
11 47 77
11 48 76
11 49 25
12 1 8
12 3 6
12 4 5
12 8 34
12 9 64
12 14 62
12 18 13
12 20 44
12 26 59
12 28 65
12 31 70
12 33 51
12 34 40
12 36 47
12 39 28
12 42 12
12 44 30
12 45 61
12 46 8
12 47 89
12 49 73
13 1 70
13 3 84
13 5 86
13 6 45
13 7 45
13 8 81
13 9 33
13 15 44
13 16 55
13 17 82
13 20 81
13 24 73
13 25 46
13 26 35
13 27 2
13 28 58
13 29 69
13 30 19
13 31 85
13 33 2
13 34 74
13 35 79
13 37 44
13 38 23
13 39 2
13 42 37
13 43 23
13 44 50
13 45 72
13 49 58
14 2 72
14 6 21
14 12 62
14 16 4
14 19 90
14 20 78
14 23 61
14 24 54
14 25 49
14 27 69
14 28 67
14 29 66
14 30 61
14 31 40
14 36 37
14 39 77
14 40 23
14 41 79
14 45 17
14 46 60
14 48 51
15 1 70
15 4 8
15 5 69
15 6 15
15 8 84
15 10 50
15 11 39
15 13 44
15 19 28
15 21 32
15 22 70
15 23 46
15 24 45
15 25 83
15 27 37
15 30 3
15 34 48
15 36 4
15 37 83
15 38 87
15 39 83
15 40 58
15 44 30
15 46 27
15 47 55
15 48 79
16 1 76
16 2 15
16 3 22
16 5 51
16 7 43
16 8 18
16 9 77
16 10 57
16 11 71
16 13 55
16 14 4
16 17 80
16 18 23
16 20 11
16 25 4
16 29 49
16 30 53
16 31 68
16 34 69
16 35 61
16 41 82
16 42 60
16 45 15
16 46 60
16 49 50
17 2 26
17 3 19
17 5 32
17 6 75
17 9 40
17 11 1
17 13 82
17 16 80
17 22 22
17 23 79
17 24 58
17 27 51
17 30 16
17 31 20
17 32 72
17 33 89
17 34 67
17 36 43
17 37 18
17 38 66
17 40 75
17 42 75
17 43 21
17 47 12
17 49 81
18 2 52
18 4 4
18 5 15
18 6 43
18 10 57
18 12 13
18 16 23
18 21 24
18 22 28
18 23 9
18 24 37
18 25 69
18 30 70
18 32 15
18 34 29
18 35 65
18 36 53
18 41 75
18 43 35
18 44 67
18 45 18
18 46 23
18 47 29
18 48 67
18 49 20
19 3 51
19 4 31
19 5 25
19 6 20
19 7 5
19 9 81
19 11 76
19 14 90
19 15 28
19 20 48
19 22 85
19 24 57
19 25 54
19 26 12
19 27 2
19 28 75
19 29 46
19 30 58
19 33 70
19 34 1
19 36 67
19 38 69
19 39 72
19 42 4
19 43 84
20 1 60
20 2 69
20 3 58
20 7 13
20 9 40
20 12 44
20 13 81
20 14 78
20 16 11
20 19 48
20 23 30
20 24 15
20 26 77
20 28 28
20 29 20
20 31 49
20 33 52
20 37 83
20 39 90
20 43 25
20 44 9
20 45 24
20 46 2
20 47 87
20 48 27
21 3 84
21 4 82
21 5 61
21 8 41
21 11 45
21 15 32
21 18 24
21 23 12
21 24 7
21 26 69
21 27 7
21 29 3
21 30 46
21 32 15
21 34 54
21 36 48
21 38 40
21 39 82
21 40 19
21 41 83
21 45 66
22 3 23
22 5 62
22 6 8
22 7 56
22 11 4
22 15 70
22 17 22
22 18 28
22 19 85
22 23 1
22 29 51
22 30 85
22 31 45
22 32 64
22 37 10
22 38 1
22 39 64
22 42 83
22 44 22
22 45 74
22 47 86
23 3 23
23 5 66
23 9 22
23 14 61
23 15 46
23 17 79
23 18 9
23 20 30
23 21 12
23 22 1
23 24 85
23 25 24
23 28 2
23 29 14
23 31 2
23 34 17
23 35 19
23 37 19
23 38 8
23 39 61
23 40 13
23 42 75
23 44 30
23 45 86
23 46 16
23 47 69
23 48 7
24 2 44
24 3 53
24 4 11
24 5 24
24 6 81
24 9 32
24 10 48
24 11 44
24 13 73
24 14 54
24 15 45
24 17 58
24 18 37
24 19 57
24 20 15
24 21 7
24 23 85
24 25 58
24 28 28
24 29 50
24 34 54
24 35 84
24 36 56
24 39 73
24 45 55
24 48 15
25 1 18
25 7 6
25 13 46
25 14 49
25 15 83
25 16 4
25 18 69
25 19 54
25 23 24
25 24 58
25 29 59
25 30 41
25 34 15
25 37 12
25 38 22
25 39 63
25 40 14
25 41 21
25 42 42
25 43 73
25 45 20
25 47 46
25 48 27
26 5 50
26 8 83
26 9 49
26 12 59
26 13 35
26 19 12
26 20 77
26 21 69
26 27 42
26 28 78
26 29 11
26 30 82
26 31 9
26 33 36
26 34 51
26 37 10
26 40 30
27 2 62
27 5 56
27 7 14
27 10 74
27 13 2
27 14 69
27 15 37
27 17 51
27 19 2
27 21 7
27 26 42
27 32 61
27 33 35
27 41 47
27 42 7
27 45 81
27 46 20
27 48 43
28 2 60
28 4 23
28 6 19
28 8 52
28 9 52
28 10 55
28 11 40
28 12 65
28 13 58
28 14 67
28 19 75
28 20 28
28 23 2
28 24 28
28 26 78
28 29 43
28 31 40
28 32 11
28 36 5
28 37 9
28 39 81
28 41 67
28 42 8
28 44 45
28 45 18
28 46 46
28 47 82
28 48 90
29 1 90
29 2 23
29 3 21
29 4 77
29 5 30
29 6 42
29 7 29
29 10 1
29 13 69
29 14 66
29 16 49
29 19 46
29 20 20
29 21 3
29 22 51
29 23 14
29 24 50
29 25 59
29 26 11
29 28 43
29 30 83
29 31 7
29 39 60
29 40 26
29 43 81
29 44 7
29 47 80
29 48 39
30 1 66
30 3 63
30 4 45
30 7 15
30 8 14
30 9 15
30 13 19
30 14 61
30 15 3
30 16 53
30 17 16
30 18 70
30 19 58
30 21 46
30 22 85
30 25 41
30 26 82
30 29 83
30 31 22
30 35 79
30 36 41
30 39 5
30 40 24
30 42 81
30 44 16
30 45 74
30 46 57
30 47 38
30 49 4
31 1 11
31 3 36
31 4 68
31 7 32
31 8 13
31 10 77
31 12 70
31 13 85
31 14 40
31 16 68
31 17 20
31 20 49
31 22 45
31 23 2
31 26 9
31 28 40
31 29 7
31 30 22
31 33 59
31 35 6
31 36 54
31 37 76
31 38 4
31 41 8
31 42 88
31 47 55
31 48 82
31 49 79
32 2 74
32 6 67
32 9 77
32 10 69
32 17 72
32 18 15
32 21 15
32 22 64
32 27 61
32 28 11
32 33 71
32 35 56
32 36 13
32 38 62
32 40 4
32 42 35
32 43 5
32 44 54
32 48 72
32 49 26
33 4 84
33 6 58
33 9 5
33 10 78
33 12 51
33 13 2
33 17 89
33 19 70
33 20 52
33 26 36
33 27 35
33 31 59
33 32 71
33 35 1
33 36 80
33 37 6
33 40 89
33 43 54
33 45 10
34 2 87
34 3 78
34 4 21
34 7 52
34 8 25
34 9 11
34 12 40
34 13 74
34 15 48
34 16 69
34 17 67
34 18 29
34 19 1
34 21 54
34 23 17
34 24 54
34 25 15
34 26 51
34 35 26
34 36 90
34 38 5
34 39 67
34 43 83
34 45 10
34 47 9
34 48 89
34 49 41
35 1 72
35 2 45
35 4 40
35 7 32
35 8 16
35 9 8
35 11 13
35 13 79
35 16 61
35 18 65
35 23 19
35 24 84
35 30 79
35 31 6
35 32 56
35 33 1
35 34 26
36 2 19
36 5 4
36 7 5
36 10 4
36 12 47
36 14 37
36 15 4
36 17 43
36 18 53
36 19 67
36 21 48
36 24 56
36 28 5
36 30 41
36 31 54
36 32 13
36 33 80
36 34 90
36 38 46
36 39 45
36 40 64
36 42 16
36 43 4
36 48 65
36 49 40
37 3 62
37 5 71
37 7 4
37 8 12
37 9 30
37 11 20
37 13 44
37 15 83
37 17 18
37 20 83
37 22 10
37 23 19
37 25 12
37 26 10
37 28 9
37 31 76
37 33 6
37 38 26
37 39 31
37 41 79
37 44 28
37 45 21
37 46 17
37 47 69
37 48 25
37 49 34
38 1 6
38 3 62
38 8 50
38 10 51
38 13 23
38 15 87
38 17 66
38 19 69
38 21 40
38 22 1
38 23 8
38 25 22
38 31 4
38 32 62
38 34 5
38 36 46
38 37 26
38 40 42
38 41 24
38 42 35
38 43 40
38 45 69
38 47 84
38 48 2
39 1 48
39 2 63
39 3 11
39 4 4
39 5 42
39 9 63
39 10 83
39 11 26
39 12 28
39 13 2
39 14 77
39 15 83
39 19 72
39 20 90
39 21 82
39 22 64
39 23 61
39 24 73
39 25 63
39 28 81
39 29 60
39 30 5
39 34 67
39 36 45
39 37 31
39 40 29
39 44 51
39 45 54
39 48 59
40 7 52
40 8 70
40 9 69
40 11 12
40 14 23
40 15 58
40 17 75
40 21 19
40 23 13
40 25 14
40 26 30
40 29 26
40 30 24
40 32 4
40 33 89
40 36 64
40 38 42
40 39 29
40 41 80
40 43 82
40 44 17
40 45 82
40 49 25
41 1 41
41 2 28
41 3 5
41 5 90
41 6 36
41 8 81
41 10 20
41 14 79
41 16 82
41 18 75
41 21 83
41 25 21
41 27 47
41 28 67
41 31 8
41 37 79
41 38 24
41 40 80
41 42 72
41 46 34
41 47 67
41 48 64
41 49 81
42 7 71
42 8 65
42 9 12
42 10 41
42 12 12
42 13 37
42 16 60
42 17 75
42 19 4
42 22 83
42 23 75
42 25 42
42 27 7
42 28 8
42 30 81
42 31 88
42 32 35
42 36 16
42 38 35
42 41 72
42 43 29
42 44 79
42 45 18
42 46 53
42 47 17
42 49 13
43 3 24
43 11 20
43 13 23
43 17 21
43 18 35
43 19 84
43 20 25
43 25 73
43 29 81
43 32 5
43 33 54
43 34 83
43 36 4
43 38 40
43 40 82
43 42 29
43 46 6
43 47 59
43 48 44
44 4 51
44 7 52
44 8 38
44 12 30
44 13 50
44 15 30
44 18 67
44 20 9
44 22 22
44 23 30
44 28 45
44 29 7
44 30 16
44 32 54
44 37 28
44 39 51
44 40 17
44 42 79
45 1 64
45 2 67
45 3 4
45 6 60
45 7 48
45 8 1
45 9 48
45 10 76
45 11 49
45 12 61
45 13 72
45 14 17
45 16 15
45 18 18
45 20 24
45 21 66
45 22 74
45 23 86
45 24 55
45 25 20
45 27 81
45 28 18
45 30 74
45 33 10
45 34 10
45 37 21
45 38 69
45 39 54
45 40 82
45 42 18
45 46 59
45 48 85
46 1 60
46 2 21
46 4 59
46 5 25
46 12 8
46 14 60
46 15 27
46 16 60
46 18 23
46 20 2
46 23 16
46 27 20
46 28 46
46 30 57
46 37 17
46 41 34
46 42 53
46 43 6
46 45 59
46 47 38
46 48 33
46 49 61
47 5 49
47 7 41
47 11 77
47 12 89
47 15 55
47 17 12
47 18 29
47 20 87
47 22 86
47 23 69
47 25 46
47 28 82
47 29 80
47 30 38
47 31 55
47 34 9
47 37 69
47 38 84
47 41 67
47 42 17
47 43 59
47 46 38
48 4 43
48 5 23
48 6 32
48 8 17
48 11 76
48 14 51
48 15 79
48 18 67
48 20 27
48 23 7
48 24 15
48 25 27
48 27 43
48 28 90
48 29 39
48 31 82
48 32 72
48 34 89
48 36 65
48 37 25
48 38 2
48 39 59
48 41 64
48 43 44
48 45 85
48 46 33
48 49 68
1 t 72
2 t 47
3 t 29
4 t 16
5 t 36
6 t 3
7 t 44
8 t 88
10 t 59
11 t 25
12 t 73
13 t 58
16 t 50
17 t 81
18 t 20
30 t 4
31 t 79
32 t 26
34 t 41
36 t 40
37 t 34
40 t 25
41 t 81
42 t 13
46 t 61
48 t 68
