s 7 3
s 8 3
s 11 5
s 13 9
s 14 8
s 18 3
s 24 6
s 26 4
s 27 8
s 28 10
s 30 1
s 31 4
s 32 5
s 33 3
s 36 9
s 37 5
s 38 9
s 40 9
s 47 10
s 48 7
1 2 6
1 5 5
1 7 10
1 8 8
1 11 10
1 12 9
1 13 5
1 14 2
1 15 7
1 18 5
1 19 5
1 20 2
1 21 6
1 23 3
1 24 8
1 27 10
1 28 1
1 30 2
1 31 7
1 33 7
1 34 9
1 36 5
1 41 2
1 44 3
1 45 4
1 48 7
2 1 6
2 3 2
2 4 3
2 5 4
2 8 6
2 9 9
2 10 7
2 13 10
2 14 8
2 15 1
2 17 2
2 18 6
2 21 6
2 22 2
2 23 6
2 24 6
2 26 6
2 27 6
2 28 3
2 37 7
2 38 7
2 39 5
2 41 9
2 42 9
2 44 5
2 46 6
2 49 3
3 2 2
3 6 9
3 10 5
3 11 6
3 13 3
3 16 6
3 17 10
3 19 9
3 20 1
3 21 10
3 22 10
3 24 10
3 25 8
3 26 1
3 27 8
3 29 7
3 30 6
3 33 7
3 36 8
3 38 1
3 39 5
3 40 2
3 42 3
3 48 4
3 49 8
4 2 3
4 9 6
4 12 7
4 13 1
4 15 2
4 16 8
4 18 10
4 25 9
4 26 9
4 30 3
4 32 8
4 33 2
4 36 5
4 40 3
4 41 5
4 43 1
4 48 9
4 49 8
5 1 5
5 2 4
5 6 5
5 7 1
5 10 8
5 12 4
5 13 8
5 16 2
5 17 9
5 20 5
5 21 5
5 24 3
5 26 10
5 28 2
5 29 1
5 31 9
5 32 8
5 33 1
5 34 5
5 36 5
5 47 4
5 48 7
6 3 9
6 5 5
6 8 5
6 9 6
6 11 6
6 14 8
6 15 2
6 16 10
6 18 7
6 20 3
6 21 2
6 25 9
6 27 3
6 28 2
6 29 7
6 33 6
6 34 2
6 35 10
6 36 7
6 38 7
6 39 9
6 41 6
6 43 1
6 45 2
6 46 9
6 47 6
6 49 1
7 1 10
7 5 1
7 8 4
7 10 8
7 11 7
7 12 2
7 15 4
7 16 8
7 17 8
7 18 6
7 20 2
7 21 6
7 22 8
7 27 9
7 29 4
7 30 5
7 31 4
7 39 3
7 42 4
7 43 6
7 44 6
7 45 4
7 46 5
7 49 9
8 1 8
8 2 6
8 6 5
8 7 4
8 11 6
8 12 6
8 14 7
8 15 8
8 18 9
8 22 1
8 24 1
8 25 8
8 27 3
8 29 8
8 30 8
8 31 9
8 32 4
8 33 10
8 34 3
8 35 6
8 36 10
8 38 8
8 39 4
8 41 7
8 42 6
8 44 3
8 45 9
8 46 9
8 47 10
9 2 9
9 4 6
9 6 6
9 11 8
9 14 6
9 16 5
9 17 5
9 19 5
9 21 1
9 22 3
9 23 7
9 24 5
9 26 5
9 27 1
9 28 9
9 33 2
9 34 9
9 39 6
9 40 8
9 43 3
9 44 6
9 45 6
9 48 5
10 2 7
10 3 5
10 5 8
10 7 8
10 14 6
10 15 5
10 16 10
10 17 9
10 18 6
10 22 5
10 23 3
10 24 2
10 25 4
10 26 7
10 27 1
10 29 10
10 31 10
10 32 1
10 34 10
10 36 10
10 37 2
10 39 10
10 42 2
10 44 7
10 45 3
10 46 10
10 49 5
11 1 10
11 3 6
11 6 6
11 7 7
11 8 6
11 9 8
11 13 9
11 14 4
11 15 6
11 20 10
11 21 10
11 24 4
11 27 5
11 28 8
11 30 7
11 31 4
11 32 2
11 35 3
11 36 10
11 37 8
11 38 1
11 40 9
11 45 4
11 46 3
11 48 5
11 49 7
12 1 9
12 4 7
12 5 4
12 7 2
12 8 6
12 14 8
12 19 8
12 27 2
12 28 6
12 30 8
12 31 10
12 33 5
12 34 1
12 37 7
12 39 9
12 40 5
12 41 5
12 42 10
12 45 8
12 46 3
12 49 4
13 1 5
13 2 10
13 3 3
13 4 1
13 5 8
13 11 9
13 16 2
13 19 10
13 21 9
13 22 9
13 24 6
13 25 7
13 26 5
13 28 6
13 31 2
13 32 1
13 33 6
13 34 5
13 37 8
13 39 4
13 40 6
13 41 7
13 43 1
13 46 8
14 1 2
14 2 8
14 6 8
14 8 7
14 9 6
14 10 6
14 11 4
14 12 8
14 15 5
14 16 1
14 17 8
14 21 8
14 22 7
14 23 7
14 24 2
14 25 8
14 26 5
14 28 9
14 29 7
14 31 10
14 32 6
14 34 8
14 35 5
14 36 7
14 38 8
14 42 6
14 44 4
14 46 10
14 47 9
14 49 8
15 1 7
15 2 1
15 4 2
15 6 2
15 7 4
15 8 8
15 10 5
15 11 6
15 14 5
15 26 7
15 27 8
15 28 3
15 30 2
15 31 2
15 32 9
15 34 3
15 36 4
15 37 8
15 39 1
15 40 1
15 42 3
15 43 6
15 44 4
15 45 4
15 46 9
15 47 6
15 48 7
15 49 8
16 3 6
16 4 8
16 5 2
16 6 10
16 7 8
16 9 5
16 10 10
16 13 2
16 14 1
16 17 1
16 18 9
16 20 8
16 23 6
16 31 2
16 32 3
16 33 3
16 35 5
16 36 1
16 37 9
16 38 8
16 40 9
16 42 8
16 46 4
16 48 6
16 49 6
17 2 2
17 3 10
17 5 9
17 7 8
17 9 5
17 10 9
17 14 8
17 16 1
17 19 2
17 20 4
17 23 10
17 24 5
17 25 5
17 26 4
17 27 6
17 28 1
17 29 4
17 31 8
17 32 7
17 34 4
17 35 7
17 36 10
17 37 3
17 38 2
17 40 3
17 46 4
17 47 3
18 1 5
18 2 6
18 4 10
18 6 7
18 7 6
18 8 9
18 10 6
18 16 9
18 19 7
18 20 1
18 21 5
18 22 8
18 25 9
18 26 6
18 27 8
18 28 7
18 32 5
18 35 10
18 36 2
18 41 10
18 42 7
18 43 6
18 45 2
18 46 2
18 47 3
18 48 4
19 1 5
19 3 9
19 9 5
19 12 8
19 13 10
19 17 2
19 18 7
19 21 5
19 22 9
19 25 1
19 28 1
19 32 3
19 34 7
19 36 7
19 38 6
19 41 7
19 42 9
19 44 8
19 46 3
20 1 2
20 3 1
20 5 5
20 6 3
20 7 2
20 11 10
20 16 8
20 17 4
20 18 1
20 21 5
20 22 9
20 23 9
20 25 6
20 26 4
20 27 6
20 29 9
20 30 6
20 33 9
20 37 8
20 38 2
20 39 8
20 43 4
20 44 4
20 48 10
20 49 6
21 1 6
21 2 6
21 3 10
21 5 5
21 6 2
21 7 6
21 9 1
21 11 10
21 13 9
21 14 8
21 18 5
21 19 5
21 20 5
21 22 5
21 23 6
21 24 1
21 25 8
21 26 2
21 27 3
21 29 4
21 32 2
21 34 8
21 35 2
21 36 3
21 37 1
21 38 7
21 39 2
21 40 9
21 44 1
21 46 7
21 47 7
22 2 2
22 3 10
22 7 8
22 8 1
22 9 3
22 10 5
22 13 9
22 14 7
22 18 8
22 19 9
22 20 9
22 21 5
22 23 8
22 24 6
22 25 10
22 26 10
22 27 10
22 30 6
22 31 9
22 32 5
22 33 5
22 37 6
22 38 2
22 42 1
22 44 1
22 45 10
22 46 5
22 47 6
22 48 5
23 1 3
23 2 6
23 9 7
23 10 3
23 14 7
23 16 6
23 17 10
23 20 9
23 21 6
23 22 8
23 24 9
23 25 10
23 29 1
23 33 1
23 36 1
23 38 9
23 39 10
23 41 2
23 42 7
23 44 2
23 45 6
23 46 6
23 47 5
24 1 8
24 2 6
24 3 10
24 5 3
24 8 1
24 9 5
24 10 2
24 11 4
24 13 6
24 14 2
24 17 5
24 21 1
24 22 6
24 23 9
24 25 6
24 28 2
24 31 5
24 32 2
24 34 7
24 35 8
24 37 6
24 38 3
24 40 4
24 42 3
24 43 9
24 45 1
24 46 5
24 48 2
25 3 8
25 4 9
25 6 9
25 8 8
25 10 4
25 13 7
25 14 8
25 17 5
25 18 9
25 19 1
25 20 6
25 21 8
25 22 10
25 23 10
25 24 6
25 28 10
25 29 1
25 32 1
25 33 5
25 36 2
25 40 6
25 41 5
25 42 9
25 44 4
25 47 3
26 2 6
26 3 1
26 4 9
26 5 10
26 9 5
26 10 7
26 13 5
26 14 5
26 15 7
26 17 4
26 18 6
26 20 4
26 21 2
26 22 10
26 28 7
26 29 1
26 31 2
26 32 10
26 33 3
26 36 6
26 37 7
26 38 10
26 41 8
26 43 9
26 44 8
26 46 8
26 49 2
27 1 10
27 2 6
27 3 8
27 6 3
27 7 9
27 8 3
27 9 1
27 10 1
27 11 5
27 12 2
27 15 8
27 17 6
27 18 8
27 20 6
27 21 3
27 22 10
27 30 4
27 31 4
27 32 3
27 35 5
27 37 6
27 40 7
27 41 6
27 42 4
27 43 4
27 45 3
27 46 1
28 1 1
28 2 3
28 5 2
28 6 2
28 9 9
28 11 8
28 12 6
28 13 6
28 14 9
28 15 3
28 17 1
28 18 7
28 19 1
28 24 2
28 25 10
28 26 7
28 29 2
28 32 8
28 33 6
28 35 3
28 39 1
28 40 6
28 41 9
28 44 7
28 45 7
28 46 7
29 3 7
29 5 1
29 6 7
29 7 4
29 8 8
29 10 10
29 14 7
29 17 4
29 20 9
29 21 4
29 23 1
29 25 1
29 26 1
29 28 2
29 30 10
29 31 7
29 32 2
29 39 9
29 41 10
29 44 9
29 49 2
30 1 2
30 3 6
30 4 3
30 7 5
30 8 8
30 11 7
30 12 8
30 15 2
30 20 6
30 22 6
30 27 4
30 29 10
30 32 5
30 34 7
30 35 9
30 37 2
30 38 1
30 39 9
30 40 7
30 42 10
30 43 8
30 44 7
30 45 4
30 46 1
30 49 9
31 1 7
31 5 9
31 7 4
31 8 9
31 10 10
31 11 4
31 12 10
31 13 2
31 14 10
31 15 2
31 16 2
31 17 8
31 22 9
31 24 5
31 26 2
31 27 4
31 29 7
31 32 2
31 37 6
31 40 4
31 41 7
31 42 4
31 44 4
31 46 10
31 47 8
32 4 8
32 5 8
32 8 4
32 10 1
32 11 2
32 13 1
32 14 6
32 15 9
32 16 3
32 17 7
32 18 5
32 19 3
32 21 2
32 22 5
32 24 2
32 25 1
32 26 10
32 27 3
32 28 8
32 29 2
32 30 5
32 31 2
32 33 3
32 34 2
32 38 4
32 39 7
32 40 2
32 42 9
32 43 10
32 47 3
32 48 9
33 1 7
33 3 7
33 4 2
33 5 1
33 6 6
33 8 10
33 9 2
33 12 5
33 13 6
33 16 3
33 20 9
33 22 5
33 23 1
33 25 5
33 26 3
33 28 6
33 32 3
33 37 1
33 39 7
33 42 9
33 45 2
33 47 5
34 1 9
34 5 5
34 6 2
34 8 3
34 9 9
34 10 10
34 12 1
34 13 5
34 14 8
34 15 3
34 17 4
34 19 7
34 21 8
34 24 7
34 30 7
34 32 2
34 38 6
34 40 6
34 44 8
34 48 10
34 49 2
35 6 10
35 8 6
35 11 3
35 14 5
35 16 5
35 17 7
35 18 10
35 21 2
35 24 8
35 27 5
35 28 3
35 30 9
35 36 6
35 41 1
35 44 8
35 45 1
35 46 3
36 1 5
36 3 8
36 4 5
36 5 5
36 6 7
36 8 10
36 10 10
36 11 10
36 14 7
36 15 4
36 16 1
36 17 10
36 18 2
36 19 7
36 21 3
36 23 1
36 25 2
36 26 6
36 35 6
36 39 4
36 40 5
36 41 1
36 42 3
36 43 2
36 45 6
36 46 7
36 49 9
37 2 7
37 10 2
37 11 8
37 12 7
37 13 8
37 15 8
37 16 9
37 17 3
37 20 8
37 21 1
37 22 6
37 24 6
37 26 7
37 27 6
37 30 2
37 31 6
37 33 1
37 38 9
37 39 3
37 40 6
37 42 1
37 43 2
37 46 5
37 49 1
38 2 7
38 3 1
38 6 7
38 8 8
38 11 1
38 14 8
38 16 8
38 17 2
38 19 6
38 20 2
38 21 7
38 22 2
38 23 9
38 24 3
38 26 10
38 30 1
38 32 4
38 34 6
38 37 9
38 41 2
38 42 2
38 43 3
38 46 4
38 49 4
39 2 5
39 3 5
39 6 9
39 7 3
39 8 4
39 9 6
39 10 10
39 12 9
39 13 4
39 15 1
39 20 8
39 21 2
39 23 10
39 28 1
39 29 9
39 30 9
39 32 7
39 33 7
39 36 4
39 37 3
39 40 10
39 44 10
39 45 7
39 49 3
40 3 2
40 4 3
40 9 8
40 11 9
40 12 5
40 13 6
40 15 1
40 16 9
40 17 3
40 21 9
40 24 4
40 25 6
40 27 7
40 28 6
40 30 7
40 31 4
40 32 2
40 34 6
40 36 5
40 37 6
40 39 10
40 41 10
40 42 9
40 43 6
40 45 5
40 46 6
40 48 9
40 49 10
41 1 2
41 2 9
41 4 5
41 6 6
41 8 7
41 12 5
41 13 7
41 18 10
41 19 7
41 23 2
41 25 5
41 26 8
41 27 6
41 28 9
41 29 10
41 31 7
41 35 1
41 36 1
41 38 2
41 40 10
41 42 3
41 43 8
41 44 9
41 47 9
41 48 2
42 2 9
42 3 3
42 7 4
42 8 6
42 10 2
42 12 10
42 14 6
42 15 3
42 16 8
42 18 7
42 19 9
42 22 1
42 23 7
42 24 3
42 25 9
42 27 4
42 30 10
42 31 4
42 32 9
42 33 9
42 36 3
42 37 1
42 38 2
42 40 9
42 41 3
42 44 3
42 46 10
43 4 1
43 6 1
43 7 6
43 9 3
43 13 1
43 15 6
43 18 6
43 20 4
43 24 9
43 26 9
43 27 4
43 30 8
43 32 10
43 36 2
43 37 2
43 38 3
43 40 6
43 41 8
43 44 8
43 46 8
43 47 3
43 49 9
44 1 3
44 2 5
44 7 6
44 8 3
44 9 6
44 10 7
44 14 4
44 15 4
44 19 8
44 20 4
44 21 1
44 22 1
44 23 2
44 25 4
44 26 8
44 28 7
44 29 9
44 30 7
44 31 4
44 34 8
44 35 8
44 39 10
44 41 9
44 42 3
44 43 8
44 46 6
44 49 4
45 1 4
45 6 2
45 7 4
45 8 9
45 9 6
45 10 3
45 11 4
45 12 8
45 15 4
45 18 2
45 22 10
45 23 6
45 24 1
45 27 3
45 28 7
45 30 4
45 33 2
45 35 1
45 36 6
45 39 7
45 40 5
45 49 1
46 2 6
46 6 9
46 7 5
46 8 9
46 10 10
46 11 3
46 12 3
46 13 8
46 14 10
46 15 9
46 16 4
46 17 4
46 18 2
46 19 3
46 21 7
46 22 5
46 23 6
46 24 5
46 26 8
46 27 1
46 28 7
46 30 1
46 31 10
46 35 3
46 36 7
46 37 5
46 38 4
46 40 6
46 42 10
46 43 8
46 44 6
46 47 2
46 48 10
46 49 7
47 5 4
47 6 6
47 8 10
47 14 9
47 15 6
47 17 3
47 18 3
47 21 7
47 22 6
47 23 5
47 25 3
47 31 8
47 32 3
47 33 5
47 41 9
47 43 3
47 46 2
48 1 7
48 3 4
48 4 9
48 5 7
48 9 5
48 11 5
48 15 7
48 16 6
48 18 4
48 20 10
48 22 5
48 24 2
48 32 9
48 34 10
48 40 9
48 41 2
48 46 10
48 49 10
2 t 3
3 t 8
4 t 8
6 t 1
7 t 9
10 t 5
11 t 7
12 t 4
14 t 8
15 t 8
16 t 6
20 t 6
26 t 2
29 t 2
30 t 9
34 t 2
36 t 9
37 t 1
38 t 4
39 t 3
40 t 10
43 t 9
44 t 4
45 t 1
46 t 7
48 t 10
