s 2 32
s 3 40
s 4 2
s 7 22
s 8 18
s 9 25
s 13 16
s 14 24
s 17 6
s 19 29
s 20 20
s 24 12
s 25 8
s 26 38
s 29 7
s 30 39
s 31 39
s 32 21
s 35 34
s 38 18
s 39 1
s 40 36
s 41 30
s 43 9
s 44 15
s 46 12
s 47 33
s 48 11
s 49 28
1 2 10
1 5 29
1 9 12
1 12 15
1 13 4
1 14 30
1 16 1
1 17 13
1 19 18
1 22 31
1 23 14
1 24 13
1 26 34
1 27 21
1 29 7
1 33 33
1 34 24
1 36 32
1 38 28
1 39 18
1 40 14
1 41 28
1 43 16
1 44 14
1 46 13
1 48 13
2 1 10
2 4 29
2 6 5
2 7 20
2 8 40
2 9 7
2 13 7
2 14 27
2 16 17
2 20 6
2 22 27
2 23 7
2 24 6
2 27 28
2 28 3
2 29 25
2 30 8
2 35 1
2 36 14
2 37 35
2 40 19
2 41 40
2 44 40
2 46 30
2 47 13
3 5 3
3 6 19
3 10 37
3 12 12
3 13 33
3 14 4
3 16 39
3 17 2
3 20 3
3 21 26
3 22 2
3 23 29
3 26 3
3 33 17
3 36 5
3 37 40
3 39 26
3 42 11
3 44 30
3 46 38
3 49 32
4 2 29
4 5 16
4 6 10
4 7 36
4 10 28
4 11 29
4 13 12
4 14 35
4 16 3
4 23 27
4 25 37
4 36 30
4 37 18
4 38 11
4 41 19
5 1 29
5 3 3
5 4 16
5 12 4
5 14 37
5 15 19
5 16 32
5 18 24
5 19 15
5 21 16
5 23 31
5 25 17
5 26 25
5 27 34
5 28 7
5 30 36
5 31 24
5 34 31
5 35 37
5 37 1
5 38 25
5 39 3
5 41 40
5 42 5
5 47 31
5 48 37
6 2 5
6 3 19
6 4 10
6 8 7
6 9 33
6 10 15
6 12 14
6 15 24
6 22 7
6 26 31
6 29 17
6 32 12
6 34 38
6 36 4
6 37 37
6 39 15
6 41 19
6 42 16
6 49 20
7 2 20
7 4 36
7 9 34
7 10 39
7 11 31
7 12 5
7 15 8
7 16 40
7 17 16
7 21 6
7 22 20
7 23 2
7 24 18
7 25 12
7 27 20
7 28 10
7 30 32
7 34 16
7 35 12
7 37 40
7 38 36
7 39 19
7 40 27
7 42 35
7 45 13
7 46 8
7 47 20
7 48 17
8 2 40
8 6 7
8 9 28
8 10 5
8 12 9
8 13 38
8 16 29
8 18 5
8 20 38
8 23 7
8 25 13
8 29 35
8 31 10
8 32 29
8 34 11
8 38 34
8 41 38
8 42 37
8 43 30
8 44 11
8 46 25
8 49 25
9 1 12
9 2 7
9 6 33
9 7 34
9 8 28
9 11 7
9 12 3
9 17 35
9 23 3
9 26 5
9 27 30
9 28 9
9 38 8
9 40 35
9 41 26
9 42 25
9 43 15
9 44 37
9 48 23
10 3 37
10 4 28
10 6 15
10 7 39
10 8 5
10 13 14
10 14 6
10 16 11
10 18 40
10 23 18
10 25 36
10 26 19
10 29 36
10 30 11
10 38 4
10 39 14
10 40 33
10 43 22
10 46 26
10 48 38
10 49 29
11 4 29
11 7 31
11 9 7
11 13 33
11 17 19
11 18 1
11 19 7
11 21 24
11 22 25
11 25 25
11 26 38
11 30 19
11 31 20
11 32 36
11 33 8
11 37 30
11 38 10
11 39 21
11 40 35
11 43 39
11 44 10
11 45 13
11 47 6
11 49 30
12 1 15
12 3 12
12 5 4
12 6 14
12 7 5
12 8 9
12 9 3
12 13 4
12 15 16
12 17 30
12 19 33
12 21 2
12 22 37
12 23 17
12 25 24
12 27 31
12 28 29
12 29 5
12 30 33
12 31 15
12 32 30
12 33 18
12 34 28
12 35 4
12 38 4
12 40 9
12 41 31
12 47 6
12 48 17
12 49 37
13 1 4
13 2 7
13 3 33
13 4 12
13 8 38
13 10 14
13 11 33
13 12 4
13 15 14
13 17 3
13 21 20
13 24 26
13 25 11
13 26 32
13 27 10
13 30 24
13 33 22
13 34 6
13 37 6
13 38 34
13 39 29
13 40 32
13 43 5
13 44 7
13 45 27
13 48 13
13 49 20
14 1 30
14 2 27
14 3 4
14 4 35
14 5 37
14 10 6
14 16 39
14 17 22
14 18 4
14 19 12
14 21 9
14 24 40
14 25 4
14 26 2
14 27 37
14 31 33
14 33 20
14 34 19
14 39 5
14 41 32
14 42 27
14 44 22
14 45 6
14 46 27
14 48 25
14 49 30
15 5 19
15 6 24
15 7 8
15 12 16
15 13 14
15 17 18
15 18 36
15 19 40
15 21 20
15 22 19
15 23 3
15 24 35
15 28 32
15 29 18
15 31 19
15 32 40
15 33 39
15 35 38
15 37 9
15 38 9
15 39 15
15 40 1
15 41 24
15 42 2
15 43 9
15 44 25
15 46 8
15 47 28
15 48 28
16 1 1
16 2 17
16 3 39
16 4 3
16 5 32
16 7 40
16 8 29
16 10 11
16 14 39
16 18 26
16 20 25
16 22 34
16 23 27
16 24 35
16 25 4
16 26 19
16 29 38
16 31 11
16 35 7
16 37 14
16 38 23
16 39 9
16 43 37
16 44 29
16 45 16
16 46 21
16 47 28
17 1 13
17 3 2
17 7 16
17 9 35
17 11 19
17 12 30
17 13 3
17 14 22
17 15 18
17 18 20
17 20 34
17 22 29
17 24 27
17 27 28
17 30 22
17 32 19
17 35 4
17 36 21
17 37 12
17 39 15
17 40 18
17 41 21
17 45 37
17 48 11
18 5 24
18 8 5
18 10 40
18 11 1
18 14 4
18 15 36
18 16 26
18 17 20
18 22 25
18 23 15
18 27 19
18 29 22
18 30 5
18 31 27
18 33 14
18 34 18
18 36 9
18 39 21
18 41 25
18 42 4
18 43 16
18 45 17
18 46 2
18 48 27
18 49 9
19 1 18
19 5 15
19 11 7
19 12 33
19 14 12
19 15 40
19 20 3
19 27 11
19 31 13
19 34 26
19 37 11
19 39 26
19 40 7
19 43 15
19 44 33
19 48 21
19 49 18
20 2 6
20 3 3
20 8 38
20 16 25
20 17 34
20 19 3
20 21 2
20 22 39
20 23 25
20 26 9
20 28 36
20 30 19
20 33 28
20 34 38
20 38 27
20 39 36
20 47 25
20 48 22
21 3 26
21 5 16
21 7 6
21 11 24
21 12 2
21 13 20
21 14 9
21 15 20
21 20 2
21 23 25
21 24 31
21 26 32
21 27 15
21 28 34
21 30 12
21 31 36
21 32 29
21 33 28
21 34 7
21 35 34
21 36 3
21 37 20
21 39 27
21 41 2
21 43 13
21 45 21
21 46 34
21 47 18
21 48 23
22 1 31
22 2 27
22 3 2
22 6 7
22 7 20
22 11 25
22 12 37
22 15 19
22 16 34
22 17 29
22 18 25
22 20 39
22 23 25
22 24 24
22 26 8
22 31 34
22 33 36
22 34 33
22 38 9
22 42 22
22 44 6
22 45 15
22 47 15
23 1 14
23 2 7
23 3 29
23 4 27
23 5 31
23 7 2
23 8 7
23 9 3
23 10 18
23 12 17
23 15 3
23 16 27
23 18 15
23 20 25
23 21 25
23 22 25
23 26 36
23 27 6
23 34 19
23 39 5
23 40 28
23 41 9
23 42 20
23 46 1
23 47 18
23 48 31
23 49 24
24 1 13
24 2 6
24 7 18
24 13 26
24 14 40
24 15 35
24 16 35
24 17 27
24 21 31
24 22 24
24 26 4
24 28 33
24 29 2
24 30 21
24 31 24
24 35 14
24 37 39
24 39 8
24 40 13
24 41 9
24 42 37
24 43 26
24 46 34
25 4 37
25 5 17
25 7 12
25 8 13
25 10 36
25 11 25
25 12 24
25 13 11
25 14 4
25 16 4
25 28 11
25 29 39
25 30 2
25 31 27
25 33 23
25 34 26
25 35 2
25 40 15
25 42 1
25 45 9
25 46 14
25 47 17
25 49 24
26 1 34
26 3 3
26 5 25
26 6 31
26 9 5
26 10 19
26 11 38
26 13 32
26 14 2
26 16 19
26 20 9
26 21 32
26 22 8
26 23 36
26 24 4
26 27 28
26 28 20
26 29 24
26 31 5
26 35 2
26 36 11
26 41 11
26 43 36
26 44 39
26 46 6
26 47 21
26 49 24
27 1 21
27 2 28
27 5 34
27 7 20
27 9 30
27 12 31
27 13 10
27 14 37
27 17 28
27 18 19
27 19 11
27 21 15
27 23 6
27 26 28
27 28 39
27 29 13
27 31 34
27 33 12
27 34 34
27 35 7
27 36 28
27 37 11
27 39 34
27 40 6
27 43 29
27 44 24
27 45 19
27 49 30
28 2 3
28 5 7
28 7 10
28 9 9
28 12 29
28 15 32
28 20 36
28 21 34
28 24 33
28 25 11
28 26 20
28 27 39
28 30 25
28 37 19
28 38 20
28 42 25
28 43 19
28 44 40
28 47 9
28 49 13
29 1 7
29 2 25
29 6 17
29 8 35
29 10 36
29 12 5
29 15 18
29 16 38
29 18 22
29 24 2
29 25 39
29 26 24
29 27 13
29 31 12
29 36 15
29 38 11
29 39 34
29 40 35
29 41 23
29 42 28
29 44 16
29 45 12
29 46 3
30 2 8
30 5 36
30 7 32
30 10 11
30 11 19
30 12 33
30 13 24
30 17 22
30 18 5
30 20 19
30 21 12
30 24 21
30 25 2
30 28 25
30 31 22
30 33 39
30 39 22
30 40 19
30 42 21
30 45 36
30 47 11
30 49 4
31 5 24
31 8 10
31 11 20
31 12 15
31 14 33
31 15 19
31 16 11
31 18 27
31 19 13
31 21 36
31 22 34
31 24 24
31 25 27
31 26 5
31 27 34
31 29 12
31 30 22
31 32 5
31 34 10
31 36 6
31 37 1
31 38 29
31 40 21
31 41 22
31 42 26
31 43 32
31 44 30
31 47 5
31 49 1
32 6 12
32 8 29
32 11 36
32 12 30
32 15 40
32 17 19
32 21 29
32 31 5
32 35 26
32 37 22
32 38 30
32 40 32
32 41 14
32 42 37
32 43 31
32 44 18
32 45 32
32 47 28
32 48 32
33 1 33
33 3 17
33 11 8
33 12 18
33 13 22
33 14 20
33 15 39
33 18 14
33 20 28
33 21 28
33 22 36
33 25 23
33 27 12
33 30 39
33 34 37
33 36 4
33 37 24
33 38 14
33 42 5
33 43 7
33 46 16
33 49 8
34 1 24
34 5 31
34 6 38
34 7 16
34 8 11
34 12 28
34 13 6
34 14 19
34 18 18
34 19 26
34 20 38
34 21 7
34 22 33
34 23 19
34 25 26
34 27 34
34 31 10
34 33 37
34 41 34
34 43 25
34 45 18
34 46 13
35 2 1
35 5 37
35 7 12
35 12 4
35 15 38
35 16 7
35 17 4
35 21 34
35 24 14
35 25 2
35 26 2
35 27 7
35 32 26
35 36 26
35 37 35
35 39 16
35 40 26
35 47 20
35 48 11
35 49 37
36 1 32
36 2 14
36 3 5
36 4 30
36 6 4
36 17 21
36 18 9
36 21 3
36 26 11
36 27 28
36 29 15
36 31 6
36 33 4
36 35 26
36 39 36
36 40 31
36 43 30
36 47 22
37 2 35
37 3 40
37 4 18
37 5 1
37 6 37
37 7 40
37 11 30
37 13 6
37 15 9
37 16 14
37 17 12
37 19 11
37 21 20
37 24 39
37 27 11
37 28 19
37 31 1
37 32 22
37 33 24
37 35 35
37 38 15
37 39 31
37 41 37
37 42 24
37 43 10
37 45 25
37 46 9
37 48 39
37 49 38
38 1 28
38 4 11
38 5 25
38 7 36
38 8 34
38 9 8
38 10 4
38 11 10
38 12 4
38 13 34
38 15 9
38 16 23
38 20 27
38 22 9
38 28 20
38 29 11
38 31 29
38 32 30
38 33 14
38 37 15
38 41 5
38 43 8
38 46 13
38 47 1
39 1 18
39 3 26
39 5 3
39 6 15
39 7 19
39 10 14
39 11 21
39 13 29
39 14 5
39 15 15
39 16 9
39 17 15
39 18 21
39 19 26
39 20 36
39 21 27
39 23 5
39 24 8
39 27 34
39 29 34
39 30 22
39 35 16
39 36 36
39 37 31
39 40 32
39 41 24
39 44 26
39 46 37
39 48 27
39 49 36
40 1 14
40 2 19
40 7 27
40 9 35
40 10 33
40 11 35
40 12 9
40 13 32
40 15 1
40 17 18
40 19 7
40 23 28
40 24 13
40 25 15
40 27 6
40 29 35
40 30 19
40 31 21
40 32 32
40 35 26
40 36 31
40 39 32
40 42 18
40 43 24
40 46 27
41 1 28
41 2 40
41 4 19
41 5 40
41 6 19
41 8 38
41 9 26
41 12 31
41 14 32
41 15 24
41 17 21
41 18 25
41 21 2
41 23 9
41 24 9
41 26 11
41 29 23
41 31 22
41 32 14
41 34 34
41 37 37
41 38 5
41 39 24
41 42 35
41 44 25
41 45 10
41 47 24
41 49 7
42 3 11
42 5 5
42 6 16
42 7 35
42 8 37
42 9 25
42 14 27
42 15 2
42 18 4
42 22 22
42 23 20
42 24 37
42 25 1
42 28 25
42 29 28
42 30 21
42 31 26
42 32 37
42 33 5
42 37 24
42 40 18
42 41 35
42 43 13
42 47 37
42 49 9
43 1 16
43 8 30
43 9 15
43 10 22
43 11 39
43 13 5
43 15 9
43 16 37
43 18 16
43 19 15
43 21 13
43 24 26
43 26 36
43 27 29
43 28 19
43 31 32
43 32 31
43 33 7
43 34 25
43 36 30
43 37 10
43 38 8
43 40 24
43 42 13
43 45 13
43 47 1
43 49 33
44 1 14
44 2 40
44 3 30
44 8 11
44 9 37
44 11 10
44 13 7
44 14 22
44 15 25
44 16 29
44 19 33
44 22 6
44 26 39
44 27 24
44 28 40
44 29 16
44 31 30
44 32 18
44 39 26
44 41 25
44 48 2
44 49 16
45 7 13
45 11 13
45 13 27
45 14 6
45 16 16
45 17 37
45 18 17
45 21 21
45 22 15
45 25 9
45 27 19
45 29 12
45 30 36
45 32 32
45 34 18
45 37 25
45 41 10
45 43 13
45 46 37
46 1 13
46 2 30
46 3 38
46 7 8
46 8 25
46 10 26
46 14 27
46 15 8
46 16 21
46 18 2
46 21 34
46 23 1
46 24 34
46 25 14
46 26 6
46 29 3
46 33 16
46 34 13
46 37 9
46 38 13
46 39 37
46 40 27
46 45 37
46 48 32
47 2 13
47 5 31
47 7 20
47 11 6
47 12 6
47 15 28
47 16 28
47 20 25
47 21 18
47 22 15
47 23 18
47 25 17
47 26 21
47 28 9
47 30 11
47 31 5
47 32 28
47 35 20
47 36 22
47 38 1
47 41 24
47 42 37
47 43 1
47 48 1
47 49 35
48 1 13
48 5 37
48 7 17
48 9 23
48 10 38
48 12 17
48 13 13
48 14 25
48 15 28
48 17 11
48 18 27
48 19 21
48 20 22
48 21 23
48 23 31
48 32 32
48 35 11
48 37 39
48 39 27
48 44 2
48 46 32
48 47 1
48 49 12
3 t 32
6 t 20
8 t 25
10 t 29
11 t 30
12 t 37
13 t 20
14 t 30
18 t 9
19 t 18
23 t 24
25 t 24
26 t 24
27 t 30
28 t 13
30 t 4
31 t 1
33 t 8
35 t 37
37 t 38
39 t 36
41 t 7
42 t 9
43 t 33
44 t 16
47 t 35
48 t 12
