s 1 1
s 2 6
s 3 5
s 4 4
s 5 1
s 6 5
s 8 3
s 9 4
s 10 4
s 11 5
s 12 5
s 16 10
s 17 2
s 18 10
s 19 5
s 20 1
s 21 3
s 22 2
s 23 3
s 24 4
s 26 1
s 27 6
s 28 7
s 29 1
s 31 7
s 33 5
s 34 4
s 35 8
s 36 1
s 37 1
s 38 8
s 39 7
s 40 4
s 41 10
s 42 3
s 43 7
s 44 8
s 45 9
s 46 10
s 47 1
s 49 10
1 3 5
1 4 5
1 5 9
1 6 9
1 7 7
1 10 3
1 11 1
1 12 9
1 13 7
1 15 8
1 16 7
1 17 5
1 18 6
1 20 5
1 21 5
1 22 4
1 23 4
1 24 8
1 25 6
1 26 10
1 27 10
1 28 8
1 29 10
1 32 4
1 33 2
1 34 4
1 35 6
1 36 5
1 37 1
1 38 6
1 39 1
1 40 8
1 41 4
1 42 5
1 43 3
1 44 7
1 45 10
1 47 5
1 48 8
1 49 9
2 3 3
2 5 6
2 6 6
2 7 5
2 8 6
2 9 9
2 10 1
2 11 5
2 13 8
2 14 6
2 16 8
2 17 7
2 18 2
2 20 8
2 21 6
2 22 6
2 23 10
2 24 10
2 25 6
2 26 6
2 28 8
2 29 4
2 33 9
2 34 3
2 35 7
2 37 10
2 38 8
2 40 6
2 41 9
2 42 4
2 43 9
2 45 5
2 48 8
2 49 5
3 1 5
3 2 3
3 4 8
3 5 3
3 6 5
3 8 8
3 9 3
3 10 9
3 11 8
3 12 6
3 13 7
3 14 6
3 15 9
3 16 9
3 17 3
3 18 1
3 19 3
3 20 4
3 22 8
3 23 1
3 24 10
3 25 5
3 26 3
3 27 5
3 29 4
3 31 6
3 32 7
3 33 1
3 35 9
3 37 1
3 39 4
3 40 4
3 41 6
3 43 3
3 44 1
3 48 6
4 1 5
4 3 8
4 5 1
4 6 2
4 7 6
4 8 9
4 9 3
4 11 10
4 12 5
4 13 7
4 14 5
4 15 8
4 16 2
4 17 9
4 18 5
4 19 3
4 21 10
4 22 3
4 24 9
4 25 6
4 26 7
4 27 1
4 28 6
4 30 1
4 31 8
4 32 5
4 33 8
4 36 3
4 37 10
4 38 1
4 39 9
4 40 6
4 41 8
4 42 3
4 43 10
4 44 8
4 45 4
4 46 7
4 47 8
4 48 8
4 49 9
5 1 9
5 2 6
5 3 3
5 4 1
5 6 1
5 8 6
5 9 5
5 10 8
5 11 5
5 12 7
5 13 2
5 14 6
5 15 9
5 16 9
5 17 9
5 18 4
5 19 7
5 20 6
5 21 7
5 22 6
5 24 3
5 25 10
5 26 6
5 27 4
5 28 7
5 29 9
5 30 6
5 31 2
5 32 6
5 33 7
5 34 1
5 36 4
5 37 10
5 38 1
5 39 2
5 41 10
5 42 6
5 44 5
5 45 6
5 46 10
5 47 5
5 49 10
6 1 9
6 2 6
6 3 5
6 4 2
6 5 1
6 7 4
6 8 6
6 9 6
6 10 1
6 13 5
6 14 10
6 15 9
6 16 1
6 17 3
6 19 2
6 20 4
6 21 7
6 22 6
6 24 7
6 27 6
6 28 1
6 29 1
6 30 4
6 31 9
6 32 1
6 35 3
6 37 8
6 40 8
6 41 1
6 42 1
6 44 3
6 45 7
6 46 2
6 47 4
6 48 2
6 49 10
7 1 7
7 2 5
7 4 6
7 6 4
7 8 6
7 10 8
7 11 2
7 12 1
7 13 10
7 14 2
7 15 1
7 16 2
7 18 7
7 19 8
7 20 8
7 21 8
7 22 8
7 23 2
7 24 1
7 25 10
7 26 1
7 27 10
7 28 6
7 29 8
7 30 2
7 32 9
7 33 4
7 34 7
7 35 1
7 36 9
7 38 9
7 39 4
7 40 1
7 41 10
7 42 7
7 43 4
7 44 4
7 45 8
7 46 10
7 47 3
7 49 7
8 2 6
8 3 8
8 4 9
8 5 6
8 6 6
8 7 6
8 9 1
8 10 4
8 11 4
8 12 7
8 14 2
8 15 5
8 16 8
8 17 9
8 18 6
8 19 9
8 20 9
8 21 10
8 22 1
8 24 6
8 25 6
8 26 7
8 27 9
8 30 1
8 31 6
8 32 8
8 33 2
8 35 2
8 36 5
8 37 7
8 38 8
8 39 2
8 40 9
8 42 8
8 43 8
8 44 3
8 45 2
8 46 6
8 47 3
8 49 5
9 2 9
9 3 3
9 4 3
9 5 5
9 6 6
9 8 1
9 11 5
9 12 4
9 13 2
9 14 10
9 15 7
9 16 7
9 17 9
9 18 1
9 19 3
9 20 10
9 21 7
9 22 5
9 23 4
9 25 3
9 26 4
9 27 1
9 29 7
9 30 7
9 31 6
9 32 7
9 33 8
9 34 2
9 36 5
9 37 3
9 39 1
9 40 6
9 41 5
9 42 5
9 43 7
9 44 7
9 45 10
9 46 10
9 47 10
9 48 4
9 49 8
10 1 3
10 2 1
10 3 9
10 5 8
10 6 1
10 7 8
10 8 4
10 11 3
10 12 3
10 13 9
10 14 3
10 15 7
10 16 5
10 17 7
10 18 6
10 19 7
10 20 3
10 21 4
10 22 3
10 23 2
10 24 6
10 25 6
10 26 9
10 28 1
10 29 5
10 30 7
10 31 6
10 32 3
10 33 5
10 34 10
10 35 5
10 36 3
10 37 7
10 38 9
10 39 5
10 40 1
10 42 6
10 43 9
10 44 10
10 45 2
10 46 6
10 47 6
10 49 6
11 1 1
11 2 5
11 3 8
11 4 10
11 5 5
11 7 2
11 8 4
11 9 5
11 10 3
11 12 3
11 13 5
11 14 7
11 15 7
11 16 8
11 18 10
11 19 9
11 21 2
11 22 6
11 23 1
11 24 8
11 25 1
11 26 7
11 27 5
11 28 1
11 29 6
11 30 4
11 32 2
11 33 1
11 34 10
11 35 5
11 37 3
11 38 9
11 39 10
11 41 2
11 42 10
11 43 1
11 44 4
11 45 5
11 46 8
11 47 10
11 48 9
11 49 8
12 1 9
12 3 6
12 4 5
12 5 7
12 7 1
12 8 7
12 9 4
12 10 3
12 11 3
12 16 3
12 17 3
12 19 3
12 20 7
12 22 6
12 23 8
12 24 2
12 25 3
12 26 5
12 27 9
12 28 5
12 30 7
12 32 1
12 33 7
12 34 1
12 36 7
12 39 9
12 40 2
12 41 3
12 42 7
12 43 3
12 45 10
12 46 4
12 47 10
12 48 4
12 49 8
13 1 7
13 2 8
13 3 7
13 4 7
13 5 2
13 6 5
13 7 10
13 9 2
13 10 9
13 11 5
13 14 4
13 15 10
13 16 2
13 17 8
13 18 5
13 19 1
13 20 1
13 21 9
13 22 9
13 23 8
13 24 3
13 25 3
13 26 4
13 28 6
13 29 5
13 30 9
13 31 8
13 32 3
13 33 3
13 35 5
13 36 10
13 39 1
13 41 2
13 43 10
13 44 4
13 45 6
13 46 3
13 47 5
13 49 8
14 2 6
14 3 6
14 4 5
14 5 6
14 6 10
14 7 2
14 8 2
14 9 10
14 10 3
14 11 7
14 13 4
14 16 8
14 17 3
14 18 4
14 19 6
14 20 4
14 21 5
14 22 1
14 24 1
14 25 4
14 26 8
14 27 4
14 28 8
14 29 4
14 30 8
14 32 9
14 33 7
14 34 7
14 35 3
14 36 9
14 38 1
14 40 8
14 41 3
14 43 3
14 44 5
14 45 4
14 46 8
14 48 1
14 49 2
15 1 8
15 3 9
15 4 8
15 5 9
15 6 9
15 7 1
15 8 5
15 9 7
15 10 7
15 11 7
15 13 10
15 16 3
15 17 2
15 18 4
15 19 6
15 20 1
15 21 8
15 22 10
15 23 1
15 24 9
15 25 2
15 26 10
15 27 1
15 28 8
15 29 5
15 30 5
15 32 4
15 33 8
15 35 7
15 36 4
15 38 1
15 39 8
15 40 8
15 41 2
15 42 7
15 43 8
15 45 1
15 46 8
15 47 2
15 48 5
16 1 7
16 2 8
16 3 9
16 4 2
16 5 9
16 6 1
16 7 2
16 8 8
16 9 7
16 10 5
16 11 8
16 12 3
16 13 2
16 14 8
16 15 3
16 17 10
16 19 4
16 20 10
16 21 5
16 22 2
16 24 5
16 25 6
16 26 1
16 27 3
16 31 9
16 33 6
16 34 9
16 35 1
16 36 8
16 37 7
16 38 6
16 39 1
16 40 2
16 41 1
16 42 6
16 43 1
16 44 1
16 45 10
16 46 7
16 47 9
16 48 8
16 49 8
17 1 5
17 2 7
17 3 3
17 4 9
17 5 9
17 6 3
17 8 9
17 9 9
17 10 7
17 12 3
17 13 8
17 14 3
17 15 2
17 16 10
17 18 9
17 19 1
17 20 8
17 21 3
17 22 6
17 23 1
17 24 3
17 25 10
17 26 7
17 27 7
17 28 9
17 29 3
17 30 8
17 32 5
17 33 3
17 34 2
17 35 1
17 36 10
17 38 3
17 39 1
17 40 10
17 41 9
17 42 5
17 43 1
17 44 1
17 45 9
17 46 1
17 47 3
17 48 8
17 49 8
18 1 6
18 2 2
18 3 1
18 4 5
18 5 4
18 7 7
18 8 6
18 9 1
18 10 6
18 11 10
18 13 5
18 14 4
18 15 4
18 17 9
18 19 10
18 20 10
18 21 1
18 22 5
18 23 2
18 24 3
18 25 7
18 26 6
18 28 1
18 30 1
18 31 7
18 32 4
18 33 8
18 34 4
18 35 4
18 36 2
18 37 8
18 39 6
18 41 6
18 42 8
18 43 5
18 44 7
18 45 10
18 46 10
18 47 6
18 48 5
18 49 8
19 3 3
19 4 3
19 5 7
19 6 2
19 7 8
19 8 9
19 9 3
19 10 7
19 11 9
19 12 3
19 13 1
19 14 6
19 15 6
19 16 4
19 17 1
19 18 10
19 20 9
19 22 8
19 23 2
19 24 1
19 25 10
19 26 8
19 27 5
19 28 2
19 29 7
19 32 9
19 33 7
19 34 7
19 36 3
19 37 3
19 38 8
19 39 7
19 40 4
19 42 2
19 43 2
19 44 8
19 45 2
19 47 6
19 48 4
19 49 4
20 1 5
20 2 8
20 3 4
20 5 6
20 6 4
20 7 8
20 8 9
20 9 10
20 10 3
20 12 7
20 13 1
20 14 4
20 15 1
20 16 10
20 17 8
20 18 10
20 19 9
20 21 10
20 22 6
20 24 10
20 25 3
20 26 3
20 28 5
20 30 9
20 31 10
20 32 9
20 33 4
20 34 8
20 35 6
20 36 4
20 39 7
20 40 5
20 42 8
20 43 10
20 44 9
20 45 1
20 47 9
20 48 7
20 49 5
21 1 5
21 2 6
21 4 10
21 5 7
21 6 7
21 7 8
21 8 10
21 9 7
21 10 4
21 11 2
21 13 9
21 14 5
21 15 8
21 16 5
21 17 3
21 18 1
21 20 10
21 22 8
21 23 1
21 24 9
21 25 9
21 26 4
21 27 5
21 28 7
21 29 9
21 31 8
21 33 10
21 34 9
21 35 4
21 36 8
21 37 8
21 38 1
21 39 6
21 40 5
21 42 10
21 44 4
21 46 5
21 47 8
21 48 8
21 49 1
22 1 4
22 2 6
22 3 8
22 4 3
22 5 6
22 6 6
22 7 8
22 8 1
22 9 5
22 10 3
22 11 6
22 12 6
22 13 9
22 14 1
22 15 10
22 16 2
22 17 6
22 18 5
22 19 8
22 20 6
22 21 8
22 25 4
22 26 2
22 27 4
22 28 10
22 29 1
22 30 7
22 32 2
22 33 7
22 35 9
22 37 3
22 39 5
22 41 7
22 42 8
22 44 10
22 45 2
22 46 9
22 47 6
22 48 8
23 1 4
23 2 10
23 3 1
23 7 2
23 9 4
23 10 2
23 11 1
23 12 8
23 13 8
23 15 1
23 17 1
23 18 2
23 19 2
23 21 1
23 24 7
23 25 3
23 26 9
23 27 10
23 28 5
23 29 9
23 30 8
23 31 7
23 34 10
23 35 8
23 36 5
23 37 3
23 38 6
23 39 10
23 40 5
23 42 2
23 43 1
23 44 7
23 46 1
23 47 9
23 49 9
24 1 8
24 2 10
24 3 10
24 4 9
24 5 3
24 6 7
24 7 1
24 8 6
24 10 6
24 11 8
24 12 2
24 13 3
24 14 1
24 15 9
24 16 5
24 17 3
24 18 3
24 19 1
24 20 10
24 21 9
24 23 7
24 25 5
24 26 3
24 27 2
24 28 8
24 29 2
24 30 8
24 31 3
24 33 8
24 34 1
24 35 2
24 36 1
24 38 3
24 39 4
24 40 2
24 41 3
24 42 3
24 43 7
24 45 1
24 47 4
24 48 7
25 1 6
25 2 6
25 3 5
25 4 6
25 5 10
25 7 10
25 8 6
25 9 3
25 10 6
25 11 1
25 12 3
25 13 3
25 14 4
25 15 2
25 16 6
25 17 10
25 18 7
25 19 10
25 20 3
25 21 9
25 22 4
25 23 3
25 24 5
25 27 3
25 28 10
25 29 9
25 30 8
25 31 5
25 34 7
25 36 4
25 37 9
25 38 4
25 39 2
25 40 7
25 41 1
25 42 10
25 43 7
25 44 8
25 45 9
25 46 2
25 48 6
25 49 3
26 1 10
26 2 6
26 3 3
26 4 7
26 5 6
26 7 1
26 8 7
26 9 4
26 10 9
26 11 7
26 12 5
26 13 4
26 14 8
26 15 10
26 16 1
26 17 7
26 18 6
26 19 8
26 20 3
26 21 4
26 22 2
26 23 9
26 24 3
26 29 5
26 30 3
26 31 8
26 32 4
26 33 3
26 34 8
26 35 6
26 36 6
26 39 4
26 40 9
26 41 9
26 42 3
26 43 1
26 47 1
26 48 6
26 49 2
27 1 10
27 3 5
27 4 1
27 5 4
27 6 6
27 7 10
27 8 9
27 9 1
27 11 5
27 12 9
27 14 4
27 15 1
27 16 3
27 17 7
27 19 5
27 21 5
27 22 4
27 23 10
27 24 2
27 25 3
27 28 2
27 29 8
27 30 5
27 32 5
27 33 4
27 34 5
27 35 3
27 36 7
27 37 8
27 38 4
27 39 3
27 41 2
27 42 3
27 43 3
27 45 2
27 46 7
27 47 1
28 1 8
28 2 8
28 4 6
28 5 7
28 6 1
28 7 6
28 10 1
28 11 1
28 12 5
28 13 6
28 14 8
28 15 8
28 17 9
28 18 1
28 19 2
28 20 5
28 21 7
28 22 10
28 23 5
28 24 8
28 25 10
28 27 2
28 29 7
28 30 7
28 31 1
28 32 5
28 34 2
28 35 4
28 36 5
28 37 1
28 38 1
28 39 8
28 41 9
28 42 7
28 43 9
28 44 1
28 45 1
28 46 1
28 47 10
28 48 7
28 49 5
29 1 10
29 2 4
29 3 4
29 5 9
29 6 1
29 7 8
29 9 7
29 10 5
29 11 6
29 13 5
29 14 4
29 15 5
29 17 3
29 19 7
29 21 9
29 22 1
29 23 9
29 24 2
29 25 9
29 26 5
29 27 8
29 28 7
29 30 6
29 32 10
29 33 3
29 34 9
29 35 4
29 38 10
29 40 2
29 41 1
29 42 3
29 43 8
29 44 10
29 46 3
29 47 5
29 48 5
29 49 3
30 4 1
30 5 6
30 6 4
30 7 2
30 8 1
30 9 7
30 10 7
30 11 4
30 12 7
30 13 9
30 14 8
30 15 5
30 17 8
30 18 1
30 20 9
30 22 7
30 23 8
30 24 8
30 25 8
30 26 3
30 27 5
30 28 7
30 29 6
30 31 9
30 32 4
30 33 6
30 34 3
30 35 1
30 36 9
30 38 4
30 39 9
30 40 10
30 41 10
30 43 9
30 44 3
30 45 3
30 46 9
30 47 2
30 48 3
30 49 4
31 3 6
31 4 8
31 5 2
31 6 9
31 8 6
31 9 6
31 10 6
31 13 8
31 16 9
31 18 7
31 20 10
31 21 8
31 23 7
31 24 3
31 25 5
31 26 8
31 28 1
31 30 9
31 32 3
31 33 1
31 34 8
31 35 9
31 36 3
31 37 4
31 38 3
31 39 3
31 41 3
31 42 4
31 43 9
31 44 10
31 45 6
31 46 10
31 47 6
31 48 6
32 1 4
32 3 7
32 4 5
32 5 6
32 6 1
32 7 9
32 8 8
32 9 7
32 10 3
32 11 2
32 12 1
32 13 3
32 14 9
32 15 4
32 17 5
32 18 4
32 19 9
32 20 9
32 22 2
32 26 4
32 27 5
32 28 5
32 29 10
32 30 4
32 31 3
32 33 6
32 35 4
32 36 2
32 37 7
32 38 8
32 40 6
32 43 1
32 44 3
32 45 8
32 46 7
32 47 5
32 48 6
32 49 10
33 1 2
33 2 9
33 3 1
33 4 8
33 5 7
33 7 4
33 8 2
33 9 8
33 10 5
33 11 1
33 12 7
33 13 3
33 14 7
33 15 8
33 16 6
33 17 3
33 18 8
33 19 7
33 20 4
33 21 10
33 22 7
33 24 8
33 26 3
33 27 4
33 29 3
33 30 6
33 31 1
33 32 6
33 34 2
33 35 9
33 36 6
33 37 8
33 39 5
33 40 10
33 41 8
33 42 7
33 44 9
33 45 1
33 47 8
33 48 9
33 49 5
34 1 4
34 2 3
34 5 1
34 7 7
34 9 2
34 10 10
34 11 10
34 12 1
34 14 7
34 16 9
34 17 2
34 18 4
34 19 7
34 20 8
34 21 9
34 23 10
34 24 1
34 25 7
34 26 8
34 27 5
34 28 2
34 29 9
34 30 3
34 31 8
34 33 2
34 35 6
34 36 3
34 37 1
34 39 4
34 40 3
34 41 1
34 42 6
34 43 2
34 44 4
34 46 7
34 48 1
34 49 1
35 1 6
35 2 7
35 3 9
35 6 3
35 7 1
35 8 2
35 10 5
35 11 5
35 13 5
35 14 3
35 15 7
35 16 1
35 17 1
35 18 4
35 20 6
35 21 4
35 22 9
35 23 8
35 24 2
35 26 6
35 27 3
35 28 4
35 29 4
35 30 1
35 31 9
35 32 4
35 33 9
35 34 6
35 36 10
35 37 4
35 38 5
35 40 1
35 41 4
35 43 8
35 44 9
35 45 7
35 46 1
35 47 6
35 48 8
35 49 2
36 1 5
36 4 3
36 5 4
36 7 9
36 8 5
36 9 5
36 10 3
36 12 7
36 13 10
36 14 9
36 15 4
36 16 8
36 17 10
36 18 2
36 19 3
36 20 4
36 21 8
36 23 5
36 24 1
36 25 4
36 26 6
36 27 7
36 28 5
36 30 9
36 31 3
36 32 2
36 33 6
36 34 3
36 35 10
36 38 5
36 39 8
36 40 10
36 41 9
36 42 8
36 43 10
36 44 3
36 45 2
36 46 6
36 47 10
36 48 1
36 49 8
37 1 1
37 2 10
37 3 1
37 4 10
37 5 10
37 6 8
37 8 7
37 9 3
37 10 7
37 11 3
37 16 7
37 18 8
37 19 3
37 21 8
37 22 3
37 23 3
37 25 9
37 27 8
37 28 1
37 31 4
37 32 7
37 33 8
37 34 1
37 35 4
37 38 6
37 39 4
37 40 5
37 41 5
37 43 4
37 44 7
37 46 9
37 47 7
37 48 9
37 49 4
38 1 6
38 2 8
38 4 1
38 5 1
38 7 9
38 8 8
38 10 9
38 11 9
38 14 1
38 15 1
38 16 6
38 17 3
38 19 8
38 21 1
38 23 6
38 24 3
38 25 4
38 27 4
38 28 1
38 29 10
38 30 4
38 31 3
38 32 8
38 35 5
38 36 5
38 37 6
38 39 1
38 40 1
38 41 6
38 43 9
38 45 10
38 46 6
38 47 5
38 49 7
39 1 1
39 3 4
39 4 9
39 5 2
39 7 4
39 8 2
39 9 1
39 10 5
39 11 10
39 12 9
39 13 1
39 15 8
39 16 1
39 17 1
39 18 6
39 19 7
39 20 7
39 21 6
39 22 5
39 23 10
39 24 4
39 25 2
39 26 4
39 27 3
39 28 8
39 30 9
39 31 3
39 33 5
39 34 4
39 36 8
39 37 4
39 38 1
39 40 8
39 41 6
39 42 7
39 43 2
39 44 2
39 45 8
39 47 8
39 49 8
40 1 8
40 2 6
40 3 4
40 4 6
40 6 8
40 7 1
40 8 9
40 9 6
40 10 1
40 12 2
40 14 8
40 15 8
40 16 2
40 17 10
40 19 4
40 20 5
40 21 5
40 23 5
40 24 2
40 25 7
40 26 9
40 29 2
40 30 10
40 32 6
40 33 10
40 34 3
40 35 1
40 36 10
40 37 5
40 38 1
40 39 8
40 41 8
40 43 7
40 45 4
40 47 5
40 49 5
41 1 4
41 2 9
41 3 6
41 4 8
41 5 10
41 6 1
41 7 10
41 9 5
41 11 2
41 12 3
41 13 2
41 14 3
41 15 2
41 16 1
41 17 9
41 18 6
41 22 7
41 24 3
41 25 1
41 26 9
41 27 2
41 28 9
41 29 1
41 30 10
41 31 3
41 33 8
41 34 1
41 35 4
41 36 9
41 37 5
41 38 6
41 39 6
41 40 8
41 43 3
41 44 2
41 45 3
41 46 8
41 47 5
41 48 5
41 49 8
42 1 5
42 2 4
42 4 3
42 5 6
42 6 1
42 7 7
42 8 8
42 9 5
42 10 6
42 11 10
42 12 7
42 15 7
42 16 6
42 17 5
42 18 8
42 19 2
42 20 8
42 21 10
42 22 8
42 23 2
42 24 3
42 25 10
42 26 3
42 27 3
42 28 7
42 29 3
42 31 4
42 33 7
42 34 6
42 36 8
42 39 7
42 43 4
42 44 1
42 45 9
42 46 5
42 47 4
42 48 5
42 49 7
43 1 3
43 2 9
43 3 3
43 4 10
43 7 4
43 8 8
43 9 7
43 10 9
43 11 1
43 12 3
43 13 10
43 14 3
43 15 8
43 16 1
43 17 1
43 18 5
43 19 2
43 20 10
43 23 1
43 24 7
43 25 7
43 26 1
43 27 3
43 28 9
43 29 8
43 30 9
43 31 9
43 32 1
43 34 2
43 35 8
43 36 10
43 37 4
43 38 9
43 39 2
43 40 7
43 41 3
43 42 4
43 44 8
43 45 3
43 46 5
43 47 3
43 48 7
44 1 7
44 3 1
44 4 8
44 5 5
44 6 3
44 7 4
44 8 3
44 9 7
44 10 10
44 11 4
44 13 4
44 14 5
44 16 1
44 17 1
44 18 7
44 19 8
44 20 9
44 21 4
44 22 10
44 23 7
44 25 8
44 28 1
44 29 10
44 30 3
44 31 10
44 32 3
44 33 9
44 34 4
44 35 9
44 36 3
44 37 7
44 39 2
44 41 2
44 42 1
44 43 8
44 45 7
44 47 6
44 48 9
44 49 8
45 1 10
45 2 5
45 4 4
45 5 6
45 6 7
45 7 8
45 8 2
45 9 10
45 10 2
45 11 5
45 12 10
45 13 6
45 14 4
45 15 1
45 16 10
45 17 9
45 18 10
45 19 2
45 20 1
45 22 2
45 24 1
45 25 9
45 27 2
45 28 1
45 30 3
45 31 6
45 32 8
45 33 1
45 35 7
45 36 2
45 38 10
45 39 8
45 40 4
45 41 3
45 42 9
45 43 3
45 44 7
45 46 9
45 47 9
46 4 7
46 5 10
46 6 2
46 7 10
46 8 6
46 9 10
46 10 6
46 11 8
46 12 4
46 13 3
46 14 8
46 15 8
46 16 7
46 17 1
46 18 10
46 21 5
46 22 9
46 23 1
46 25 2
46 27 7
46 28 1
46 29 3
46 30 9
46 31 10
46 32 7
46 34 7
46 35 1
46 36 6
46 37 9
46 38 6
46 41 8
46 42 5
46 43 5
46 45 9
46 47 1
46 48 3
46 49 8
47 1 5
47 4 8
47 5 5
47 6 4
47 7 3
47 8 3
47 9 10
47 10 6
47 11 10
47 12 10
47 13 5
47 15 2
47 16 9
47 17 3
47 18 6
47 19 6
47 20 9
47 21 8
47 22 6
47 23 9
47 24 4
47 26 1
47 27 1
47 28 10
47 29 5
47 30 2
47 31 6
47 32 5
47 33 8
47 35 6
47 36 10
47 37 7
47 38 5
47 39 8
47 40 5
47 41 5
47 42 4
47 43 3
47 44 6
47 45 9
47 46 1
47 48 4
48 1 8
48 2 8
48 3 6
48 4 8
48 6 2
48 9 4
48 11 9
48 12 4
48 14 1
48 15 5
48 16 8
48 17 8
48 18 5
48 19 4
48 20 7
48 21 8
48 22 8
48 24 7
48 25 6
48 26 6
48 28 7
48 29 5
48 30 3
48 31 6
48 32 6
48 33 9
48 34 1
48 35 8
48 36 1
48 37 9
48 41 5
48 42 5
48 43 7
48 44 9
48 46 3
48 47 4
48 49 2
1 t 9
2 t 5
4 t 9
5 t 10
6 t 10
7 t 7
8 t 5
9 t 8
10 t 6
11 t 8
12 t 8
13 t 8
14 t 2
16 t 8
17 t 8
18 t 8
19 t 4
20 t 5
21 t 1
23 t 9
25 t 3
26 t 2
28 t 5
29 t 3
30 t 4
32 t 10
33 t 5
34 t 1
35 t 2
36 t 8
37 t 4
38 t 7
39 t 8
40 t 5
41 t 8
42 t 7
44 t 8
46 t 8
48 t 2
