s 3 4
s 4 8
s 5 14
s 6 6
s 10 15
s 11 16
s 12 19
s 13 18
s 14 16
s 16 9
s 17 11
s 18 12
s 22 10
s 23 15
s 24 18
s 28 8
s 30 13
s 31 3
s 32 3
s 35 7
s 37 20
s 40 7
s 43 5
s 46 14
s 47 10
1 2 1
1 4 17
1 5 6
1 8 11
1 9 9
1 10 13
1 15 6
1 16 8
1 18 5
1 20 11
1 22 14
1 24 19
1 27 11
1 28 4
1 29 12
1 30 11
1 31 5
1 33 11
1 34 8
1 36 9
1 38 17
1 40 8
1 41 6
1 44 5
1 46 12
2 1 1
2 4 11
2 7 11
2 8 1
2 10 16
2 12 5
2 13 1
2 15 11
2 16 12
2 19 3
2 20 9
2 23 20
2 24 11
2 25 10
2 26 4
2 27 19
2 30 12
2 34 11
2 35 12
2 38 18
2 40 3
2 41 12
2 43 9
2 45 15
2 46 9
2 49 15
3 4 1
3 5 13
3 6 1
3 8 5
3 10 4
3 12 15
3 13 9
3 17 10
3 18 11
3 19 15
3 20 9
3 21 9
3 22 14
3 23 11
3 25 17
3 26 19
3 28 18
3 32 13
3 34 10
3 35 5
3 36 13
3 40 20
3 41 2
3 42 16
3 44 2
4 1 17
4 2 11
4 3 1
4 6 16
4 9 8
4 11 6
4 14 10
4 15 10
4 19 18
4 21 10
4 22 10
4 24 20
4 25 8
4 28 4
4 29 5
4 31 13
4 32 13
4 34 6
4 35 8
4 38 8
4 39 9
4 42 11
4 44 15
4 45 6
4 46 17
4 48 16
5 1 6
5 3 13
5 7 11
5 8 6
5 9 1
5 11 3
5 12 12
5 15 12
5 16 18
5 19 17
5 21 15
5 24 17
5 25 2
5 34 20
5 37 6
5 38 7
5 41 15
5 42 14
5 44 7
5 48 20
5 49 11
6 3 1
6 4 16
6 7 1
6 11 9
6 12 19
6 13 7
6 15 4
6 16 2
6 19 2
6 20 15
6 23 9
6 24 11
6 27 17
6 30 17
6 34 9
6 35 17
6 36 8
6 38 1
6 39 17
6 41 5
6 44 2
6 46 5
6 47 17
6 48 19
7 2 11
7 5 11
7 6 1
7 9 13
7 11 5
7 16 2
7 17 12
7 18 18
7 20 1
7 24 2
7 26 5
7 27 19
7 28 10
7 29 7
7 34 8
7 40 8
7 42 2
7 43 4
7 45 13
7 46 14
7 48 14
8 1 11
8 2 1
8 3 5
8 5 6
8 12 3
8 13 17
8 15 13
8 17 16
8 18 13
8 19 8
8 21 20
8 22 12
8 24 8
8 26 8
8 27 6
8 29 1
8 30 6
8 31 19
8 33 11
8 35 8
8 36 8
8 40 19
8 43 12
8 45 8
8 49 13
9 1 9
9 4 8
9 5 1
9 7 13
9 11 1
9 13 10
9 15 12
9 16 19
9 17 10
9 19 10
9 20 6
9 21 18
9 22 6
9 25 12
9 26 4
9 28 1
9 31 7
9 32 12
9 34 14
9 35 10
9 36 19
9 38 9
9 39 7
9 40 16
9 41 3
9 44 1
10 1 13
10 2 16
10 3 4
10 11 12
10 12 15
10 13 11
10 17 7
10 19 12
10 20 5
10 21 10
10 22 10
10 25 13
10 26 17
10 27 12
10 29 9
10 31 16
10 33 10
10 38 19
10 41 13
10 42 19
10 43 11
10 45 7
10 48 18
10 49 10
11 4 6
11 5 3
11 6 9
11 7 5
11 9 1
11 10 12
11 12 2
11 13 18
11 14 3
11 16 9
11 17 4
11 19 1
11 21 1
11 23 15
11 24 12
11 25 2
11 26 16
11 32 18
11 36 20
11 37 19
11 38 16
11 39 4
11 41 8
11 42 16
11 44 11
11 49 15
12 2 5
12 3 15
12 5 12
12 6 19
12 8 3
12 10 15
12 11 2
12 14 20
12 15 8
12 16 17
12 17 11
12 18 5
12 19 2
12 28 14
12 29 14
12 31 20
12 32 8
12 33 13
12 34 12
12 35 20
12 36 5
12 37 13
12 38 6
12 39 15
12 42 10
12 43 12
12 44 7
12 46 15
12 47 19
12 49 1
13 2 1
13 3 9
13 6 7
13 8 17
13 9 10
13 10 11
13 11 18
13 15 7
13 16 16
13 17 8
13 20 4
13 24 15
13 25 11
13 26 8
13 27 7
13 28 10
13 30 13
13 31 16
13 32 3
13 37 9
13 38 15
13 40 6
13 46 6
13 47 7
13 48 12
13 49 2
14 4 10
14 11 3
14 12 20
14 15 19
14 17 4
14 20 17
14 21 5
14 22 15
14 23 3
14 26 5
14 28 14
14 29 14
14 30 15
14 31 7
14 33 8
14 34 19
14 37 19
14 40 3
14 42 4
14 43 4
14 44 15
14 49 8
15 1 6
15 2 11
15 4 10
15 5 12
15 6 4
15 8 13
15 9 12
15 12 8
15 13 7
15 14 19
15 16 6
15 17 7
15 18 6
15 20 17
15 22 17
15 24 13
15 25 2
15 27 18
15 28 19
15 34 16
15 37 10
15 39 13
15 41 14
15 43 18
15 44 8
15 45 13
15 47 19
16 1 8
16 2 12
16 5 18
16 6 2
16 7 2
16 9 19
16 11 9
16 12 17
16 13 16
16 15 6
16 17 19
16 20 4
16 22 7
16 26 16
16 27 19
16 28 14
16 29 1
16 30 20
16 31 10
16 32 3
16 33 13
16 34 5
16 37 19
16 41 20
16 44 7
16 46 14
16 48 7
16 49 20
17 3 10
17 7 12
17 8 16
17 9 10
17 10 7
17 11 4
17 12 11
17 13 8
17 14 4
17 15 7
17 16 19
17 19 10
17 20 4
17 21 19
17 22 4
17 25 18
17 30 2
17 31 7
17 32 8
17 34 9
17 38 19
17 40 14
17 42 2
17 43 16
17 45 16
17 49 18
18 1 5
18 3 11
18 7 18
18 8 13
18 12 5
18 15 6
18 19 14
18 20 13
18 21 2
18 22 20
18 23 13
18 25 8
18 28 18
18 29 12
18 30 18
18 31 7
18 34 18
18 35 11
18 37 16
18 38 19
18 40 19
18 41 20
18 43 6
18 44 19
18 46 6
18 47 20
18 48 7
19 2 3
19 3 15
19 4 18
19 5 17
19 6 2
19 8 8
19 9 10
19 10 12
19 11 1
19 12 2
19 17 10
19 18 14
19 20 1
19 22 2
19 27 17
19 29 13
19 30 5
19 32 18
19 34 15
19 35 2
19 37 4
19 38 2
19 40 4
19 42 8
19 44 12
19 45 6
19 49 6
20 1 11
20 2 9
20 3 9
20 6 15
20 7 1
20 9 6
20 10 5
20 13 4
20 14 17
20 15 17
20 16 4
20 17 4
20 18 13
20 19 1
20 21 3
20 23 3
20 24 8
20 26 7
20 28 15
20 30 5
20 31 16
20 32 20
20 33 20
20 35 6
20 37 6
20 38 12
20 41 19
20 42 7
20 44 2
20 47 12
20 48 1
21 3 9
21 4 10
21 5 15
21 8 20
21 9 18
21 10 10
21 11 1
21 14 5
21 17 19
21 18 2
21 20 3
21 26 17
21 28 20
21 32 14
21 37 2
21 39 10
21 41 19
21 49 15
22 1 14
22 3 14
22 4 10
22 8 12
22 9 6
22 10 10
22 14 15
22 15 17
22 16 7
22 17 4
22 18 20
22 19 2
22 23 19
22 25 3
22 28 10
22 31 19
22 32 18
22 33 3
22 34 17
22 35 14
22 36 7
22 39 11
22 41 10
22 46 3
22 49 11
23 2 20
23 3 11
23 6 9
23 11 15
23 14 3
23 18 13
23 20 3
23 22 19
23 25 5
23 27 16
23 31 17
23 32 18
23 33 12
23 34 15
23 35 8
23 36 2
23 37 18
23 39 19
23 42 7
23 43 4
23 45 9
23 46 2
23 47 1
23 49 2
24 1 19
24 2 11
24 4 20
24 5 17
24 6 11
24 7 2
24 8 8
24 11 12
24 13 15
24 15 13
24 20 8
24 25 17
24 29 14
24 30 17
24 33 6
24 36 12
24 37 5
24 38 10
24 40 14
24 42 18
24 45 18
24 48 11
24 49 17
25 2 10
25 3 17
25 4 8
25 5 2
25 9 12
25 10 13
25 11 2
25 13 11
25 15 2
25 17 18
25 18 8
25 22 3
25 23 5
25 24 17
25 28 13
25 29 1
25 30 5
25 34 18
25 35 16
25 36 6
25 37 6
25 39 12
25 44 15
25 48 8
26 2 4
26 3 19
26 7 5
26 8 8
26 9 4
26 10 17
26 11 16
26 13 8
26 14 5
26 16 16
26 20 7
26 21 17
26 27 11
26 30 11
26 33 3
26 34 11
26 37 7
26 38 6
26 40 7
26 42 20
26 43 3
26 44 6
26 45 12
26 46 8
26 49 17
27 1 11
27 2 19
27 6 17
27 7 19
27 8 6
27 10 12
27 13 7
27 15 18
27 16 19
27 19 17
27 23 16
27 26 11
27 28 10
27 30 10
27 33 2
27 34 15
27 37 13
27 38 12
27 39 9
27 40 20
27 41 17
27 43 2
27 44 4
27 47 7
27 48 1
28 1 4
28 3 18
28 4 4
28 7 10
28 9 1
28 12 14
28 13 10
28 14 14
28 15 19
28 16 14
28 18 18
28 20 15
28 21 20
28 22 10
28 25 13
28 27 10
28 29 4
28 32 9
28 35 9
28 38 6
28 41 1
28 42 4
28 45 19
28 47 19
28 48 2
28 49 4
29 1 12
29 4 5
29 7 7
29 8 1
29 10 9
29 12 14
29 14 14
29 16 1
29 18 12
29 19 13
29 24 14
29 25 1
29 28 4
29 31 5
29 34 17
29 35 11
29 38 1
29 39 5
29 42 14
29 43 7
29 46 11
30 1 11
30 2 12
30 6 17
30 8 6
30 13 13
30 14 15
30 16 20
30 17 2
30 18 18
30 19 5
30 20 5
30 24 17
30 25 5
30 26 11
30 27 10
30 36 8
30 38 9
30 44 7
31 1 5
31 4 13
31 8 19
31 9 7
31 10 16
31 12 20
31 13 16
31 14 7
31 16 10
31 17 7
31 18 7
31 20 16
31 22 19
31 23 17
31 29 5
31 32 7
31 33 1
31 34 6
31 35 18
31 37 7
31 40 5
31 44 4
31 47 5
31 49 1
32 3 13
32 4 13
32 9 12
32 11 18
32 12 8
32 13 3
32 16 3
32 17 8
32 19 18
32 20 20
32 21 14
32 22 18
32 23 18
32 28 9
32 31 7
32 36 13
32 37 15
32 38 7
32 40 10
32 43 8
32 47 11
32 48 3
33 1 11
33 8 11
33 10 10
33 12 13
33 14 8
33 16 13
33 20 20
33 22 3
33 23 12
33 24 6
33 26 3
33 27 2
33 31 1
33 36 15
33 37 1
33 38 8
33 39 8
33 40 10
33 42 15
33 43 2
33 45 6
33 46 7
33 47 17
34 1 8
34 2 11
34 3 10
34 4 6
34 5 20
34 6 9
34 7 8
34 9 14
34 12 12
34 14 19
34 15 16
34 16 5
34 17 9
34 18 18
34 19 15
34 22 17
34 23 15
34 25 18
34 26 11
34 27 15
34 29 17
34 31 6
34 35 4
34 37 14
34 38 9
34 41 16
34 43 12
34 44 6
34 45 18
34 46 7
34 48 8
35 2 12
35 3 5
35 4 8
35 6 17
35 8 8
35 9 10
35 12 20
35 18 11
35 19 2
35 20 6
35 22 14
35 23 8
35 25 16
35 28 9
35 29 11
35 31 18
35 34 4
35 36 8
35 38 7
35 40 20
35 41 17
35 46 17
35 49 16
36 1 9
36 3 13
36 6 8
36 8 8
36 9 19
36 11 20
36 12 5
36 22 7
36 23 2
36 24 12
36 25 6
36 30 8
36 32 13
36 33 15
36 35 8
36 37 8
36 38 18
36 39 8
36 40 12
36 42 3
36 45 5
36 46 19
37 5 6
37 11 19
37 12 13
37 13 9
37 14 19
37 15 10
37 16 19
37 18 16
37 19 4
37 20 6
37 21 2
37 23 18
37 24 5
37 25 6
37 26 7
37 27 13
37 31 7
37 32 15
37 33 1
37 34 14
37 36 8
37 38 20
37 39 10
37 40 12
37 41 3
37 43 14
37 49 11
38 1 17
38 2 18
38 4 8
38 5 7
38 6 1
38 9 9
38 10 19
38 11 16
38 12 6
38 13 15
38 17 19
38 18 19
38 19 2
38 20 12
38 24 10
38 26 6
38 27 12
38 28 6
38 29 1
38 30 9
38 32 7
38 33 8
38 34 9
38 35 7
38 36 18
38 37 20
38 40 9
38 43 17
38 44 5
38 47 17
38 48 2
38 49 3
39 4 9
39 6 17
39 9 7
39 11 4
39 12 15
39 15 13
39 21 10
39 22 11
39 23 19
39 25 12
39 27 9
39 29 5
39 33 8
39 36 8
39 37 10
39 40 19
39 41 5
39 43 15
39 48 19
40 1 8
40 2 3
40 3 20
40 7 8
40 8 19
40 9 16
40 13 6
40 14 3
40 17 14
40 18 19
40 19 4
40 24 14
40 26 7
40 27 20
40 31 5
40 32 10
40 33 10
40 35 20
40 36 12
40 37 12
40 38 9
40 39 19
40 41 8
40 42 20
40 44 13
40 45 12
40 47 16
40 48 10
41 1 6
41 2 12
41 3 2
41 5 15
41 6 5
41 9 3
41 10 13
41 11 8
41 15 14
41 16 20
41 18 20
41 20 19
41 21 19
41 22 10
41 27 17
41 28 1
41 34 16
41 35 17
41 37 3
41 39 5
41 40 8
41 42 14
41 45 12
41 46 15
41 48 15
41 49 10
42 3 16
42 4 11
42 5 14
42 7 2
42 10 19
42 11 16
42 12 10
42 14 4
42 17 2
42 19 8
42 20 7
42 23 7
42 24 18
42 26 20
42 28 4
42 29 14
42 33 15
42 36 3
42 40 20
42 41 14
42 48 17
43 2 9
43 7 4
43 8 12
43 10 11
43 12 12
43 14 4
43 15 18
43 17 16
43 18 6
43 23 4
43 26 3
43 27 2
43 29 7
43 32 8
43 33 2
43 34 12
43 37 14
43 38 17
43 39 15
43 45 7
43 47 1
43 48 7
44 1 5
44 3 2
44 4 15
44 5 7
44 6 2
44 9 1
44 11 11
44 12 7
44 14 15
44 15 8
44 16 7
44 18 19
44 19 12
44 20 2
44 25 15
44 26 6
44 27 4
44 30 7
44 31 4
44 34 6
44 38 5
44 40 13
44 45 5
44 46 16
44 48 1
44 49 7
45 2 15
45 4 6
45 7 13
45 8 8
45 10 7
45 15 13
45 17 16
45 19 6
45 23 9
45 24 18
45 26 12
45 28 19
45 33 6
45 34 18
45 36 5
45 40 12
45 41 12
45 43 7
45 44 5
45 46 11
45 47 8
45 49 6
46 1 12
46 2 9
46 4 17
46 6 5
46 7 14
46 12 15
46 13 6
46 16 14
46 18 6
46 22 3
46 23 2
46 26 8
46 29 11
46 33 7
46 34 7
46 35 17
46 36 19
46 41 15
46 44 16
46 45 11
46 47 20
46 49 9
47 6 17
47 12 19
47 13 7
47 15 19
47 18 20
47 20 12
47 23 1
47 27 7
47 28 19
47 31 5
47 32 11
47 33 17
47 38 17
47 40 16
47 43 1
47 45 8
47 46 20
48 4 16
48 5 20
48 6 19
48 7 14
48 10 18
48 13 12
48 16 7
48 18 7
48 20 1
48 24 11
48 25 8
48 27 1
48 28 2
48 32 3
48 34 8
48 38 2
48 39 19
48 40 10
48 41 15
48 42 17
48 43 7
48 44 1
48 49 6
2 t 15
5 t 11
8 t 13
10 t 10
11 t 15
12 t 1
13 t 2
14 t 8
16 t 20
17 t 18
19 t 6
21 t 15
22 t 11
23 t 2
24 t 17
26 t 17
28 t 4
31 t 1
35 t 16
37 t 11
38 t 3
41 t 10
44 t 7
45 t 6
46 t 9
48 t 6
