s 3 8
s 5 1
s 11 4
s 12 5
s 22 7
s 23 9
s 25 9
s 29 9
s 35 6
s 39 2
s 41 2
s 48 7
1 7 2
1 10 8
1 23 2
1 25 6
1 26 9
1 30 7
1 31 4
1 35 5
1 38 6
1 41 7
2 4 7
2 8 3
2 10 8
2 12 8
2 16 1
2 20 5
2 23 2
2 26 8
2 33 9
2 44 4
3 6 7
3 8 9
3 16 9
3 17 4
3 18 9
3 29 5
3 48 4
4 2 7
4 5 8
4 11 9
4 13 8
4 20 9
4 31 8
4 45 9
5 4 8
5 11 1
5 16 3
5 17 1
5 22 6
5 25 1
5 35 7
5 37 2
5 38 3
5 42 8
6 3 7
6 24 6
6 25 4
6 26 2
6 28 6
6 30 6
6 31 10
6 36 6
6 38 1
6 48 5
7 1 2
7 29 7
7 30 5
7 31 7
7 41 6
7 45 9
8 2 3
8 3 9
8 10 1
8 15 10
8 19 5
8 20 9
8 26 3
8 33 1
8 34 2
8 36 5
8 41 1
8 44 7
8 47 4
9 12 10
9 18 6
9 23 8
9 33 1
9 36 8
9 38 1
10 1 8
10 2 8
10 8 1
10 11 6
10 12 7
10 20 4
10 21 3
10 32 6
10 34 4
10 35 10
10 40 10
10 41 8
10 43 2
11 4 9
11 5 1
11 10 6
11 12 7
11 14 2
11 17 4
11 18 9
11 20 10
11 28 3
11 29 2
11 37 9
11 38 3
11 44 7
11 47 4
11 48 5
12 2 8
12 9 10
12 10 7
12 11 7
12 20 6
12 21 6
12 22 6
12 23 2
12 26 6
12 29 3
12 32 6
12 41 2
12 42 5
12 44 2
12 49 1
13 4 8
13 27 1
13 35 8
13 38 4
13 39 4
14 11 2
14 19 7
14 21 9
14 27 8
14 35 8
14 40 8
14 45 5
15 8 10
15 20 10
15 22 1
15 26 8
15 34 8
15 37 2
15 38 9
15 40 9
15 44 3
15 48 5
15 49 2
16 2 1
16 3 9
16 5 3
16 19 4
16 20 1
16 25 9
16 28 7
16 29 6
16 40 10
16 43 6
17 3 4
17 5 1
17 11 4
17 24 4
17 29 10
17 30 10
17 43 2
17 46 7
17 48 1
18 3 9
18 9 6
18 11 9
18 20 5
18 22 4
18 23 10
18 24 7
18 27 3
18 31 6
18 33 5
18 36 6
18 42 6
18 47 7
19 8 5
19 14 7
19 16 4
19 26 5
19 28 10
19 29 2
19 42 9
20 2 5
20 4 9
20 8 9
20 10 4
20 11 10
20 12 6
20 15 10
20 16 1
20 18 5
20 25 3
20 27 10
20 37 10
21 10 3
21 12 6
21 14 9
21 22 4
21 32 5
21 34 2
21 36 8
21 38 8
22 5 6
22 12 6
22 15 1
22 18 4
22 21 4
22 24 10
22 28 10
22 32 7
22 40 5
22 43 10
22 49 9
23 1 2
23 2 2
23 9 8
23 12 2
23 18 10
23 26 1
23 31 9
23 32 7
23 35 6
23 37 8
23 41 9
24 6 6
24 17 4
24 18 7
24 22 10
24 25 2
24 32 9
24 40 2
25 1 6
25 5 1
25 6 4
25 16 9
25 20 3
25 24 2
25 26 8
25 35 4
25 48 3
26 1 9
26 2 8
26 6 2
26 8 3
26 12 6
26 15 8
26 19 5
26 23 1
26 25 8
26 28 2
26 33 7
26 38 2
27 13 1
27 14 8
27 18 3
27 20 10
27 36 1
27 45 5
28 6 6
28 11 3
28 16 7
28 19 10
28 22 10
28 26 2
28 30 10
28 32 5
28 34 9
28 37 6
28 40 1
28 45 2
29 3 5
29 7 7
29 11 2
29 12 3
29 16 6
29 17 10
29 19 2
29 35 1
29 36 5
29 39 8
29 43 2
29 47 2
29 48 3
30 1 7
30 6 6
30 7 5
30 17 10
30 28 10
30 33 7
30 36 2
30 42 8
30 46 2
30 48 4
31 1 4
31 4 8
31 6 10
31 7 7
31 18 6
31 23 9
31 35 2
31 38 5
31 44 4
31 49 2
32 10 6
32 12 6
32 21 5
32 22 7
32 23 7
32 24 9
32 28 5
32 36 6
32 40 3
33 2 9
33 8 1
33 9 1
33 18 5
33 26 7
33 30 7
33 37 10
33 48 9
33 49 1
34 8 2
34 10 4
34 15 8
34 21 2
34 28 9
34 39 10
34 43 4
34 45 10
35 1 5
35 5 7
35 10 10
35 13 8
35 14 8
35 23 6
35 25 4
35 29 1
35 31 2
35 41 9
35 48 7
36 6 6
36 8 5
36 9 8
36 18 6
36 21 8
36 27 1
36 29 5
36 30 2
36 32 6
36 42 2
37 5 2
37 11 9
37 15 2
37 20 10
37 23 8
37 28 6
37 33 10
37 39 8
37 41 2
37 45 10
38 1 6
38 5 3
38 6 1
38 9 1
38 11 3
38 13 4
38 15 9
38 21 8
38 26 2
38 31 5
38 46 6
39 13 4
39 29 8
39 34 10
39 37 8
40 10 10
40 14 8
40 15 9
40 16 10
40 22 5
40 24 2
40 28 1
40 32 3
40 43 1
40 47 3
40 49 8
41 1 7
41 7 6
41 8 1
41 10 8
41 12 2
41 23 9
41 35 9
41 37 2
41 42 1
41 45 5
41 46 9
42 5 8
42 12 5
42 18 6
42 19 9
42 30 8
42 36 2
42 41 1
42 48 5
43 10 2
43 16 6
43 17 2
43 22 10
43 29 2
43 34 4
43 40 1
43 48 6
44 2 4
44 8 7
44 11 7
44 12 2
44 15 3
44 31 4
44 45 7
45 4 9
45 7 9
45 14 5
45 27 5
45 28 2
45 34 10
45 37 10
45 41 5
45 44 7
46 17 7
46 30 2
46 38 6
46 41 9
46 47 7
47 8 4
47 11 4
47 18 7
47 29 2
47 40 3
47 46 7
47 48 3
48 3 4
48 6 5
48 11 5
48 15 5
48 17 1
48 25 3
48 29 3
48 30 4
48 33 9
48 35 7
48 42 5
48 43 6
48 47 3
12 t 1
15 t 2
22 t 9
31 t 2
33 t 1
40 t 8
