s 1 3
s 2 7
s 3 3
s 4 8
s 5 5
s 6 8
s 7 2
s 9 9
s 10 4
s 11 4
s 12 4
s 13 1
s 15 6
s 16 2
s 17 4
s 18 5
s 19 6
s 20 5
s 21 10
s 22 8
s 23 2
s 24 4
s 25 6
s 26 4
s 27 6
s 28 9
s 29 3
s 30 9
s 31 3
s 32 6
s 33 6
s 34 7
s 35 4
s 36 10
s 37 4
s 38 7
s 39 1
s 40 4
s 41 1
s 42 5
s 44 7
s 45 5
s 46 5
s 47 9
s 48 9
s 49 10
1 3 10
1 4 1
1 5 6
1 6 3
1 7 8
1 9 3
1 10 2
1 11 8
1 13 3
1 14 7
1 15 9
1 16 7
1 17 6
1 18 1
1 19 10
1 21 7
1 22 10
1 23 2
1 24 8
1 25 10
1 26 9
1 27 2
1 29 1
1 30 5
1 32 4
1 33 2
1 34 6
1 35 3
1 36 8
1 37 5
1 38 5
1 39 4
1 40 4
1 41 5
1 42 6
1 43 4
1 45 1
1 46 9
1 47 4
1 48 6
1 49 8
2 3 5
2 4 4
2 5 7
2 6 10
2 7 8
2 8 5
2 9 9
2 12 8
2 13 7
2 14 7
2 15 5
2 16 7
2 17 3
2 18 5
2 19 5
2 20 2
2 21 8
2 22 3
2 23 2
2 24 6
2 25 9
2 26 3
2 27 8
2 28 5
2 29 8
2 30 9
2 31 6
2 32 9
2 33 7
2 34 6
2 35 8
2 36 4
2 37 3
2 38 1
2 39 2
2 40 9
2 41 1
2 42 8
2 43 8
2 44 10
2 45 2
2 46 1
2 47 8
2 48 6
2 49 4
3 1 10
3 2 5
3 4 6
3 5 6
3 6 8
3 7 7
3 9 9
3 11 4
3 12 8
3 14 10
3 15 5
3 16 5
3 17 5
3 18 6
3 19 10
3 20 1
3 21 4
3 22 10
3 23 1
3 24 2
3 25 3
3 26 6
3 27 8
3 28 10
3 29 7
3 30 7
3 32 1
3 34 8
3 35 8
3 36 6
3 37 6
3 39 9
3 40 10
3 41 10
3 42 3
3 43 9
3 45 6
3 46 5
3 47 9
3 48 5
4 1 1
4 2 4
4 3 6
4 5 5
4 6 4
4 7 2
4 10 1
4 11 7
4 13 10
4 14 2
4 15 10
4 16 5
4 17 9
4 18 8
4 19 6
4 20 1
4 21 2
4 22 4
4 23 6
4 24 6
4 25 7
4 26 7
4 27 3
4 28 5
4 29 1
4 30 3
4 31 9
4 32 3
4 33 7
4 34 8
4 35 2
4 36 9
4 37 3
4 38 2
4 40 3
4 41 3
4 42 7
4 43 10
4 44 9
4 45 6
4 46 5
4 47 4
4 48 4
5 1 6
5 2 7
5 3 6
5 4 5
5 6 6
5 7 1
5 9 10
5 10 4
5 11 9
5 12 2
5 13 6
5 14 1
5 15 1
5 16 2
5 17 6
5 18 7
5 20 3
5 21 8
5 23 7
5 24 10
5 25 9
5 26 1
5 27 3
5 28 6
5 29 1
5 30 9
5 31 9
5 32 9
5 33 1
5 34 9
5 35 1
5 36 9
5 37 8
5 38 9
5 39 8
5 40 3
5 41 9
5 42 3
5 43 8
5 44 1
5 45 3
5 46 9
5 47 2
5 48 3
5 49 8
6 1 3
6 2 10
6 3 8
6 4 4
6 5 6
6 7 1
6 8 4
6 9 9
6 11 3
6 12 2
6 13 9
6 14 3
6 15 5
6 16 8
6 18 10
6 19 3
6 20 6
6 21 7
6 22 4
6 23 2
6 25 8
6 28 10
6 29 6
6 30 7
6 31 7
6 32 3
6 33 1
6 34 9
6 35 4
6 36 9
6 37 3
6 38 10
6 39 10
6 40 8
6 41 2
6 42 6
6 43 10
6 45 8
6 46 5
6 47 7
6 48 7
6 49 4
7 1 8
7 2 8
7 3 7
7 4 2
7 5 1
7 6 1
7 9 8
7 11 3
7 12 1
7 13 4
7 14 7
7 15 7
7 16 1
7 17 3
7 18 5
7 20 5
7 21 3
7 22 3
7 23 5
7 24 2
7 26 5
7 27 2
7 28 1
7 30 6
7 31 5
7 32 4
7 33 10
7 34 7
7 35 6
7 36 2
7 37 6
7 38 3
7 39 1
7 40 9
7 41 9
7 43 3
7 44 6
7 45 3
7 46 6
7 47 8
7 48 6
7 49 5
8 2 5
8 6 4
8 9 9
8 10 1
8 11 6
8 12 4
8 13 10
8 14 2
8 16 2
8 18 9
8 19 5
8 20 2
8 21 10
8 22 3
8 24 7
8 25 3
8 26 2
8 27 9
8 28 4
8 29 5
8 30 4
8 31 1
8 32 10
8 33 2
8 34 8
8 35 9
8 36 3
8 37 3
8 38 8
8 41 7
8 42 2
8 43 8
8 44 3
8 45 5
8 46 5
8 47 6
8 48 10
8 49 9
9 1 3
9 2 9
9 3 9
9 5 10
9 6 9
9 7 8
9 8 9
9 10 7
9 11 6
9 12 8
9 13 1
9 14 2
9 15 3
9 16 5
9 17 5
9 18 3
9 19 8
9 20 2
9 21 4
9 22 1
9 23 7
9 24 1
9 25 3
9 26 6
9 27 10
9 28 6
9 29 1
9 30 3
9 31 3
9 32 8
9 33 1
9 34 9
9 35 6
9 36 1
9 38 4
9 39 4
9 40 6
9 41 4
9 42 4
9 44 4
9 46 1
9 47 6
9 48 9
9 49 5
10 1 2
10 4 1
10 5 4
10 8 1
10 9 7
10 11 10
10 12 2
10 14 9
10 15 1
10 16 10
10 17 4
10 18 10
10 19 4
10 20 7
10 21 1
10 23 2
10 24 3
10 25 1
10 26 2
10 27 7
10 28 4
10 29 4
10 31 2
10 32 2
10 34 4
10 35 9
10 36 5
10 37 7
10 38 9
10 39 10
10 40 5
10 41 3
10 42 10
10 44 10
10 45 1
10 46 8
10 47 8
10 49 1
11 1 8
11 3 4
11 4 7
11 5 9
11 6 3
11 7 3
11 8 6
11 9 6
11 10 10
11 13 5
11 14 7
11 15 8
11 16 2
11 17 8
11 18 6
11 19 2
11 20 2
11 21 5
11 22 8
11 24 1
11 25 9
11 27 3
11 28 3
11 29 5
11 30 10
11 31 3
11 32 2
11 33 3
11 34 1
11 35 6
11 36 10
11 37 3
11 38 6
11 39 3
11 40 3
11 41 10
11 42 7
11 43 5
11 44 3
11 45 1
11 46 8
11 47 1
11 48 10
11 49 6
12 2 8
12 3 8
12 5 2
12 6 2
12 7 1
12 8 4
12 9 8
12 10 2
12 13 1
12 15 7
12 16 5
12 17 7
12 18 6
12 19 4
12 20 7
12 21 10
12 22 2
12 23 2
12 24 1
12 25 3
12 26 4
12 27 3
12 28 4
12 29 10
12 30 4
12 31 3
12 32 3
12 33 4
12 35 5
12 36 1
12 37 7
12 38 10
12 39 10
12 40 5
12 41 7
12 42 1
12 43 9
12 44 7
12 45 4
12 46 8
12 47 3
12 48 6
12 49 4
13 1 3
13 2 7
13 4 10
13 5 6
13 6 9
13 7 4
13 8 10
13 9 1
13 11 5
13 12 1
13 15 3
13 16 4
13 17 7
13 18 4
13 19 5
13 20 2
13 21 4
13 22 6
13 23 6
13 24 2
13 25 10
13 26 7
13 27 7
13 28 5
13 29 1
13 30 3
13 31 4
13 33 9
13 34 7
13 35 6
13 36 6
13 37 5
13 38 3
13 39 10
13 41 6
13 42 5
13 43 6
13 44 1
13 45 2
13 46 8
13 47 9
13 48 8
13 49 2
14 1 7
14 2 7
14 3 10
14 4 2
14 5 1
14 6 3
14 7 7
14 8 2
14 9 2
14 10 9
14 11 7
14 15 3
14 17 9
14 18 7
14 20 1
14 21 9
14 22 8
14 23 6
14 24 8
14 25 2
14 26 10
14 27 8
14 28 4
14 29 5
14 30 10
14 32 1
14 34 4
14 35 5
14 37 1
14 38 1
14 40 4
14 41 3
14 42 9
14 43 10
14 44 3
14 45 8
14 46 8
14 47 8
14 48 7
14 49 5
15 1 9
15 2 5
15 3 5
15 4 10
15 5 1
15 6 5
15 7 7
15 9 3
15 10 1
15 11 8
15 12 7
15 13 3
15 14 3
15 16 6
15 17 4
15 18 3
15 19 1
15 20 6
15 21 7
15 22 6
15 23 4
15 24 7
15 25 9
15 26 10
15 27 5
15 28 6
15 30 5
15 31 7
15 32 5
15 33 8
15 34 2
15 35 7
15 36 9
15 37 8
15 38 9
15 39 7
15 41 1
15 42 8
15 43 4
15 44 3
15 45 2
15 46 10
15 47 4
15 48 1
15 49 10
16 1 7
16 2 7
16 3 5
16 4 5
16 5 2
16 6 8
16 7 1
16 8 2
16 9 5
16 10 10
16 11 2
16 12 5
16 13 4
16 15 6
16 17 5
16 18 2
16 21 6
16 22 8
16 23 1
16 24 2
16 25 10
16 26 10
16 27 10
16 28 5
16 30 7
16 31 8
16 32 3
16 33 4
16 34 9
16 35 1
16 36 6
16 37 6
16 38 4
16 39 7
16 40 4
16 41 5
16 42 2
16 43 4
16 44 3
16 45 9
16 46 7
16 48 9
16 49 4
17 1 6
17 2 3
17 3 5
17 4 9
17 5 6
17 7 3
17 9 5
17 10 4
17 11 8
17 12 7
17 13 7
17 14 9
17 15 4
17 16 5
17 18 2
17 19 7
17 20 9
17 21 2
17 22 4
17 23 7
17 24 6
17 25 3
17 26 5
17 27 4
17 28 8
17 29 8
17 30 8
17 31 9
17 32 5
17 33 5
17 34 8
17 35 3
17 36 3
17 37 3
17 38 1
17 39 8
17 40 10
17 41 9
17 42 6
17 43 6
17 44 3
17 45 4
17 46 7
17 47 6
17 48 4
17 49 9
18 1 1
18 2 5
18 3 6
18 4 8
18 5 7
18 6 10
18 7 5
18 8 9
18 9 3
18 10 10
18 11 6
18 12 6
18 13 4
18 14 7
18 15 3
18 16 2
18 17 2
18 20 8
18 21 7
18 22 9
18 23 5
18 24 3
18 25 3
18 26 7
18 27 1
18 28 2
18 30 5
18 31 8
18 32 2
18 33 3
18 34 4
18 35 2
18 36 4
18 37 6
18 38 5
18 40 1
18 41 1
18 42 9
18 43 4
18 44 1
18 45 4
18 47 4
18 49 8
19 1 10
19 2 5
19 3 10
19 4 6
19 6 3
19 8 5
19 9 8
19 10 4
19 11 2
19 12 4
19 13 5
19 15 1
19 17 7
19 22 9
19 23 6
19 24 9
19 26 3
19 27 3
19 28 10
19 29 7
19 30 5
19 31 3
19 32 1
19 33 2
19 34 1
19 35 9
19 36 6
19 37 10
19 38 10
19 39 2
19 40 2
19 41 6
19 42 10
19 43 6
19 44 1
19 45 1
19 47 6
19 48 4
19 49 1
20 2 2
20 3 1
20 4 1
20 5 3
20 6 6
20 7 5
20 8 2
20 9 2
20 10 7
20 11 2
20 12 7
20 13 2
20 14 1
20 15 6
20 17 9
20 18 8
20 21 3
20 22 4
20 23 1
20 24 3
20 25 9
20 26 4
20 27 6
20 28 7
20 29 6
20 30 7
20 31 5
20 32 1
20 33 5
20 34 5
20 35 7
20 36 1
20 37 6
20 38 7
20 39 2
20 40 1
20 41 5
20 42 8
20 44 8
20 45 7
20 46 6
20 47 8
20 48 3
20 49 2
21 1 7
21 2 8
21 3 4
21 4 2
21 5 8
21 6 7
21 7 3
21 8 10
21 9 4
21 10 1
21 11 5
21 12 10
21 13 4
21 14 9
21 15 7
21 16 6
21 17 2
21 18 7
21 20 3
21 22 6
21 23 7
21 25 3
21 26 4
21 27 9
21 28 10
21 29 4
21 30 10
21 31 5
21 32 1
21 33 3
21 35 2
21 36 4
21 37 7
21 38 7
21 39 4
21 40 2
21 41 2
21 42 6
21 43 1
21 44 1
21 45 1
21 46 9
21 47 6
22 1 10
22 2 3
22 3 10
22 4 4
22 6 4
22 7 3
22 8 3
22 9 1
22 11 8
22 12 2
22 13 6
22 14 8
22 15 6
22 16 8
22 17 4
22 18 9
22 19 9
22 20 4
22 21 6
22 23 7
22 24 10
22 25 8
22 26 7
22 27 6
22 28 8
22 29 1
22 31 4
22 32 3
22 33 2
22 34 10
22 35 6
22 36 8
22 37 7
22 38 10
22 39 7
22 40 3
22 41 8
22 42 3
22 43 6
22 44 6
22 45 6
22 46 10
22 47 7
22 49 6
23 1 2
23 2 2
23 3 1
23 4 6
23 5 7
23 6 2
23 7 5
23 9 7
23 10 2
23 12 2
23 13 6
23 14 6
23 15 4
23 16 1
23 17 7
23 18 5
23 19 6
23 20 1
23 21 7
23 22 7
23 24 6
23 25 3
23 26 4
23 27 5
23 28 1
23 29 2
23 31 10
23 32 8
23 33 10
23 34 10
23 35 3
23 36 3
23 37 1
23 38 10
23 39 4
23 40 4
23 41 2
23 42 2
23 43 2
23 45 10
23 46 7
23 47 7
23 48 7
23 49 4
24 1 8
24 2 6
24 3 2
24 4 6
24 5 10
24 7 2
24 8 7
24 9 1
24 10 3
24 11 1
24 12 1
24 13 2
24 14 8
24 15 7
24 16 2
24 17 6
24 18 3
24 19 9
24 20 3
24 22 10
24 23 6
24 25 4
24 27 5
24 28 5
24 30 1
24 31 3
24 32 4
24 33 1
24 34 7
24 35 1
24 36 4
24 37 10
24 38 3
24 39 9
24 40 1
24 41 1
24 42 3
24 43 8
24 44 10
24 46 10
24 47 10
24 48 5
24 49 10
25 1 10
25 2 9
25 3 3
25 4 7
25 5 9
25 6 8
25 8 3
25 9 3
25 10 1
25 11 9
25 12 3
25 13 10
25 14 2
25 15 9
25 16 10
25 17 3
25 18 3
25 20 9
25 21 3
25 22 8
25 23 3
25 24 4
25 26 3
25 27 4
25 28 4
25 29 3
25 30 6
25 31 4
25 32 5
25 33 9
25 34 10
25 35 1
25 36 7
25 38 4
25 39 5
25 40 1
25 41 6
25 42 7
25 43 3
25 44 5
25 45 9
25 46 3
25 47 8
25 48 3
26 1 9
26 2 3
26 3 6
26 4 7
26 5 1
26 7 5
26 8 2
26 9 6
26 10 2
26 12 4
26 13 7
26 14 10
26 15 10
26 16 10
26 17 5
26 18 7
26 19 3
26 20 4
26 21 4
26 22 7
26 23 4
26 25 3
26 27 3
26 28 10
26 30 6
26 31 3
26 32 2
26 33 7
26 34 4
26 35 6
26 36 6
26 37 4
26 38 8
26 39 1
26 40 9
26 41 3
26 42 7
26 43 2
26 44 10
26 45 7
26 46 9
26 47 3
26 48 5
26 49 6
27 1 2
27 2 8
27 3 8
27 4 3
27 5 3
27 7 2
27 8 9
27 9 10
27 10 7
27 11 3
27 12 3
27 13 7
27 14 8
27 15 5
27 16 10
27 17 4
27 18 1
27 19 3
27 20 6
27 21 9
27 22 6
27 23 5
27 24 5
27 25 4
27 26 3
27 28 5
27 29 9
27 30 4
27 31 2
27 32 7
27 33 3
27 34 5
27 35 9
27 37 1
27 38 8
27 39 4
27 40 7
27 41 5
27 42 7
27 44 2
27 45 2
27 46 2
27 48 5
27 49 7
28 2 5
28 3 10
28 4 5
28 5 6
28 6 10
28 7 1
28 8 4
28 9 6
28 10 4
28 11 3
28 12 4
28 13 5
28 14 4
28 15 6
28 16 5
28 17 8
28 18 2
28 19 10
28 20 7
28 21 10
28 22 8
28 23 1
28 24 5
28 25 4
28 26 10
28 27 5
28 29 6
28 30 2
28 31 7
28 32 4
28 33 3
28 34 2
28 35 8
28 36 6
28 38 7
28 39 2
28 40 9
28 42 8
28 44 3
28 45 6
28 46 1
28 47 3
28 48 9
28 49 6
29 1 1
29 2 8
29 3 7
29 4 1
29 5 1
29 6 6
29 8 5
29 9 1
29 10 4
29 11 5
29 12 10
29 13 1
29 14 5
29 17 8
29 19 7
29 20 6
29 21 4
29 22 1
29 23 2
29 25 3
29 27 9
29 28 6
29 30 4
29 32 2
29 33 10
29 34 3
29 35 6
29 36 8
29 37 9
29 38 5
29 39 2
29 40 9
29 41 5
29 42 1
29 43 9
29 44 3
29 45 10
29 46 7
29 47 6
29 48 5
29 49 6
30 1 5
30 2 9
30 3 7
30 4 3
30 5 9
30 6 7
30 7 6
30 8 4
30 9 3
30 11 10
30 12 4
30 13 3
30 14 10
30 15 5
30 16 7
30 17 8
30 18 5
30 19 5
30 20 7
30 21 10
30 24 1
30 25 6
30 26 6
30 27 4
30 28 2
30 29 4
30 31 3
30 32 5
30 33 8
30 34 10
30 35 1
30 36 7
30 37 1
30 38 10
30 39 3
30 40 2
30 41 8
30 42 3
30 43 3
30 44 5
30 45 3
30 46 5
30 48 6
30 49 5
31 2 6
31 4 9
31 5 9
31 6 7
31 7 5
31 8 1
31 9 3
31 10 2
31 11 3
31 12 3
31 13 4
31 15 7
31 16 8
31 17 9
31 18 8
31 19 3
31 20 5
31 21 5
31 22 4
31 23 10
31 24 3
31 25 4
31 26 3
31 27 2
31 28 7
31 30 3
31 32 2
31 33 4
31 35 9
31 36 1
31 38 9
31 39 3
31 40 6
31 41 6
31 42 8
31 43 4
31 44 3
31 45 4
31 47 10
31 48 10
32 1 4
32 2 9
32 3 1
32 4 3
32 5 9
32 6 3
32 7 4
32 8 10
32 9 8
32 10 2
32 11 2
32 12 3
32 14 1
32 15 5
32 16 3
32 17 5
32 18 2
32 19 1
32 20 1
32 21 1
32 22 3
32 23 8
32 24 4
32 25 5
32 26 2
32 27 7
32 28 4
32 29 2
32 30 5
32 31 2
32 33 6
32 34 3
32 35 3
32 36 9
32 37 6
32 38 5
32 39 5
32 40 4
32 41 6
32 42 5
32 43 4
32 44 9
32 45 2
32 46 6
32 47 5
32 48 6
33 1 2
33 2 7
33 4 7
33 5 1
33 6 1
33 7 10
33 8 2
33 9 1
33 11 3
33 12 4
33 13 9
33 15 8
33 16 4
33 17 5
33 18 3
33 19 2
33 20 5
33 21 3
33 22 2
33 23 10
33 24 1
33 25 9
33 26 7
33 27 3
33 28 3
33 29 10
33 30 8
33 31 4
33 32 6
33 34 1
33 35 2
33 36 9
33 38 9
33 39 8
33 40 2
33 41 7
33 43 3
33 44 10
33 45 9
33 46 3
33 47 2
33 49 5
34 1 6
34 2 6
34 3 8
34 4 8
34 5 9
34 6 9
34 7 7
34 8 8
34 9 9
34 10 4
34 11 1
34 13 7
34 14 4
34 15 2
34 16 9
34 17 8
34 18 4
34 19 1
34 20 5
34 22 10
34 23 10
34 24 7
34 25 10
34 26 4
34 27 5
34 28 2
34 29 3
34 30 10
34 32 3
34 33 1
34 35 7
34 37 9
34 38 3
34 39 4
34 40 7
34 41 3
34 42 2
34 43 2
34 44 10
34 45 6
34 46 10
34 47 6
34 48 9
34 49 9
35 1 3
35 2 8
35 3 8
35 4 2
35 5 1
35 6 4
35 7 6
35 8 9
35 9 6
35 10 9
35 11 6
35 12 5
35 13 6
35 14 5
35 15 7
35 16 1
35 17 3
35 18 2
35 19 9
35 20 7
35 21 2
35 22 6
35 23 3
35 24 1
35 25 1
35 26 6
35 27 9
35 28 8
35 29 6
35 30 1
35 31 9
35 32 3
35 33 2
35 34 7
35 36 10
35 37 2
35 38 9
35 39 1
35 40 7
35 41 2
35 42 6
35 43 7
35 44 1
35 45 9
35 47 2
35 48 4
35 49 6
36 1 8
36 2 4
36 3 6
36 4 9
36 5 9
36 6 9
36 7 2
36 8 3
36 9 1
36 10 5
36 11 10
36 12 1
36 13 6
36 15 9
36 16 6
36 17 3
36 18 4
36 19 6
36 20 1
36 21 4
36 22 8
36 23 3
36 24 4
36 25 7
36 26 6
36 28 6
36 29 8
36 30 7
36 31 1
36 32 9
36 33 9
36 35 10
36 37 4
36 38 8
36 39 7
36 40 10
36 41 9
36 42 6
36 43 6
36 44 3
36 45 1
36 46 7
36 47 7
36 48 9
37 1 5
37 2 3
37 3 6
37 4 3
37 5 8
37 6 3
37 7 6
37 8 3
37 10 7
37 11 3
37 12 7
37 13 5
37 14 1
37 15 8
37 16 6
37 17 3
37 18 6
37 19 10
37 20 6
37 21 7
37 22 7
37 23 1
37 24 10
37 26 4
37 27 1
37 29 9
37 30 1
37 32 6
37 34 9
37 35 2
37 36 4
37 38 8
37 40 4
37 41 8
37 42 2
37 43 1
37 44 10
37 45 10
37 46 1
37 47 7
37 48 9
37 49 7
38 1 5
38 2 1
38 4 2
38 5 9
38 6 10
38 7 3
38 8 8
38 9 4
38 10 9
38 11 6
38 12 10
38 13 3
38 14 1
38 15 9
38 16 4
38 17 1
38 18 5
38 19 10
38 20 7
38 21 7
38 22 10
38 23 10
38 24 3
38 25 4
38 26 8
38 27 8
38 28 7
38 29 5
38 30 10
38 31 9
38 32 5
38 33 9
38 34 3
38 35 9
38 36 8
38 37 8
38 39 10
38 40 5
38 42 10
38 43 4
38 44 5
38 45 6
38 48 9
39 1 4
39 2 2
39 3 9
39 5 8
39 6 10
39 7 1
39 9 4
39 10 10
39 11 3
39 12 10
39 13 10
39 15 7
39 16 7
39 17 8
39 19 2
39 20 2
39 21 4
39 22 7
39 23 4
39 24 9
39 25 5
39 26 1
39 27 4
39 28 2
39 29 2
39 30 3
39 31 3
39 32 5
39 33 8
39 34 4
39 35 1
39 36 7
39 38 10
39 40 9
39 41 3
39 42 4
39 43 5
39 44 2
39 45 1
39 46 7
39 47 4
39 48 1
39 49 1
40 1 4
40 2 9
40 3 10
40 4 3
40 5 3
40 6 8
40 7 9
40 9 6
40 10 5
40 11 3
40 12 5
40 14 4
40 16 4
40 17 10
40 18 1
40 19 2
40 20 1
40 21 2
40 22 3
40 23 4
40 24 1
40 25 1
40 26 9
40 27 7
40 28 9
40 29 9
40 30 2
40 31 6
40 32 4
40 33 2
40 34 7
40 35 7
40 36 10
40 37 4
40 38 5
40 39 9
40 41 10
40 42 6
40 43 4
40 44 10
40 45 5
40 47 5
40 48 5
40 49 1
41 1 5
41 2 1
41 3 10
41 4 3
41 5 9
41 6 2
41 7 9
41 8 7
41 9 4
41 10 3
41 11 10
41 12 7
41 13 6
41 14 3
41 15 1
41 16 5
41 17 9
41 18 1
41 19 6
41 20 5
41 21 2
41 22 8
41 23 2
41 24 1
41 25 6
41 26 3
41 27 5
41 29 5
41 30 8
41 31 6
41 32 6
41 33 7
41 34 3
41 35 2
41 36 9
41 37 8
41 39 3
41 40 10
41 42 1
41 43 9
41 45 3
41 46 10
41 47 1
41 48 4
41 49 8
42 1 6
42 2 8
42 3 3
42 4 7
42 5 3
42 6 6
42 8 2
42 9 4
42 10 10
42 11 7
42 12 1
42 13 5
42 14 9
42 15 8
42 16 2
42 17 6
42 18 9
42 19 10
42 20 8
42 21 6
42 22 3
42 23 2
42 24 3
42 25 7
42 26 7
42 27 7
42 28 8
42 29 1
42 30 3
42 31 8
42 32 5
42 34 2
42 35 6
42 36 6
42 37 2
42 38 10
42 39 4
42 40 6
42 41 1
42 43 7
42 44 1
42 45 6
42 46 10
42 47 5
42 48 1
42 49 4
43 1 4
43 2 8
43 3 9
43 4 10
43 5 8
43 6 10
43 7 3
43 8 8
43 11 5
43 12 9
43 13 6
43 14 10
43 15 4
43 16 4
43 17 6
43 18 4
43 19 6
43 21 1
43 22 6
43 23 2
43 24 8
43 25 3
43 26 2
43 29 9
43 30 3
43 31 4
43 32 4
43 33 3
43 34 2
43 35 7
43 36 6
43 37 1
43 38 4
43 39 5
43 40 4
43 41 9
43 42 7
43 44 3
43 45 2
43 46 3
43 47 9
43 49 1
44 2 10
44 4 9
44 5 1
44 7 6
44 8 3
44 9 4
44 10 10
44 11 3
44 12 7
44 13 1
44 14 3
44 15 3
44 16 3
44 17 3
44 18 1
44 19 1
44 20 8
44 21 1
44 22 6
44 24 10
44 25 5
44 26 10
44 27 2
44 28 3
44 29 3
44 30 5
44 31 3
44 32 9
44 33 10
44 34 10
44 35 1
44 36 3
44 37 10
44 38 5
44 39 2
44 40 10
44 42 1
44 43 3
44 45 2
44 46 3
44 47 4
44 48 7
44 49 3
45 1 1
45 2 2
45 3 6
45 4 6
45 5 3
45 6 8
45 7 3
45 8 5
45 10 1
45 11 1
45 12 4
45 13 2
45 14 8
45 15 2
45 16 9
45 17 4
45 18 4
45 19 1
45 20 7
45 21 1
45 22 6
45 23 10
45 25 9
45 26 7
45 27 2
45 28 6
45 29 10
45 30 3
45 31 4
45 32 2
45 33 9
45 34 6
45 35 9
45 36 1
45 37 10
45 38 6
45 39 1
45 40 5
45 41 3
45 42 6
45 43 2
45 44 2
45 46 1
45 47 2
45 48 9
45 49 3
46 1 9
46 2 1
46 3 5
46 4 5
46 5 9
46 6 5
46 7 6
46 8 5
46 9 1
46 10 8
46 11 8
46 12 8
46 13 8
46 14 8
46 15 10
46 16 7
46 17 7
46 20 6
46 21 9
46 22 10
46 23 7
46 24 10
46 25 3
46 26 9
46 27 2
46 28 1
46 29 7
46 30 5
46 32 6
46 33 3
46 34 10
46 36 7
46 37 1
46 39 7
46 41 10
46 42 10
46 43 3
46 44 3
46 45 1
46 47 4
46 48 3
46 49 8
47 1 4
47 2 8
47 3 9
47 4 4
47 5 2
47 6 7
47 7 8
47 8 6
47 9 6
47 10 8
47 11 1
47 12 3
47 13 9
47 14 8
47 15 4
47 17 6
47 18 4
47 19 6
47 20 8
47 21 6
47 22 7
47 23 7
47 24 10
47 25 8
47 26 3
47 28 3
47 29 6
47 31 10
47 32 5
47 33 2
47 34 6
47 35 2
47 36 7
47 37 7
47 39 4
47 40 5
47 41 1
47 42 5
47 43 9
47 44 4
47 45 2
47 46 4
47 48 10
47 49 3
48 1 6
48 2 6
48 3 5
48 4 4
48 5 3
48 6 7
48 7 6
48 8 10
48 9 9
48 11 10
48 12 6
48 13 8
48 14 7
48 15 1
48 16 9
48 17 4
48 19 4
48 20 3
48 23 7
48 24 5
48 25 3
48 26 5
48 27 5
48 28 9
48 29 5
48 30 6
48 31 10
48 32 6
48 34 9
48 35 4
48 36 9
48 37 9
48 38 9
48 39 1
48 40 5
48 41 4
48 42 1
48 44 7
48 45 9
48 46 3
48 47 10
48 49 6
1 t 8
2 t 4
5 t 8
6 t 4
7 t 5
8 t 9
9 t 5
10 t 1
11 t 6
12 t 4
13 t 2
14 t 5
15 t 10
16 t 4
17 t 9
18 t 8
19 t 1
20 t 2
22 t 6
23 t 4
24 t 10
26 t 6
27 t 7
28 t 6
29 t 6
30 t 5
33 t 5
34 t 9
35 t 6
37 t 7
39 t 1
40 t 1
41 t 8
42 t 4
43 t 1
44 t 3
45 t 3
46 t 8
47 t 3
48 t 6
