s 2 17
s 3 22
s 6 35
s 9 1
s 12 22
s 13 7
s 16 39
s 17 44
s 18 46
s 19 44
s 20 6
s 24 22
s 25 26
s 27 19
s 30 36
s 33 35
s 37 19
s 39 40
s 40 14
s 41 42
s 42 10
s 43 21
s 48 12
1 3 18
1 5 26
1 6 29
1 7 22
1 8 17
1 11 5
1 12 20
1 13 30
1 15 49
1 20 35
1 22 33
1 23 18
1 24 17
1 25 24
1 26 47
1 27 43
1 28 23
1 29 47
1 30 27
1 31 17
1 32 25
1 36 33
1 37 38
1 41 4
1 46 50
1 47 14
1 49 42
2 5 10
2 6 38
2 11 45
2 12 48
2 15 36
2 16 38
2 17 50
2 18 40
2 19 2
2 20 18
2 22 49
2 24 7
2 28 3
2 29 16
2 32 7
2 36 37
2 38 23
2 40 27
2 46 12
2 49 12
3 1 18
3 5 2
3 6 31
3 7 29
3 8 25
3 9 22
3 10 50
3 11 35
3 13 15
3 15 6
3 16 40
3 17 28
3 20 11
3 23 23
3 25 4
3 31 5
3 35 26
3 36 26
3 37 22
3 38 40
3 40 6
3 41 4
3 44 12
3 45 31
3 46 17
4 5 29
4 7 15
4 8 14
4 9 15
4 11 38
4 12 3
4 13 38
4 14 35
4 16 27
4 17 35
4 18 12
4 22 47
4 23 35
4 24 42
4 26 42
4 27 22
4 28 33
4 29 45
4 30 35
4 31 44
4 33 49
4 34 34
4 35 10
4 36 9
4 40 33
4 45 24
4 47 41
5 1 26
5 2 10
5 3 2
5 4 29
5 6 7
5 8 48
5 11 33
5 13 8
5 16 38
5 19 3
5 21 40
5 23 31
5 24 26
5 26 41
5 28 13
5 36 47
5 37 31
5 38 5
5 39 20
5 43 39
5 45 2
5 46 13
5 47 29
5 49 45
6 1 29
6 2 38
6 3 31
6 5 7
6 7 23
6 12 30
6 15 8
6 16 21
6 18 42
6 20 49
6 21 38
6 23 21
6 28 27
6 29 42
6 30 47
6 32 24
6 34 16
6 35 3
6 37 7
6 38 34
6 41 13
6 42 5
6 44 27
6 45 19
6 46 28
6 49 50
7 1 22
7 3 29
7 4 15
7 6 23
7 9 45
7 12 33
7 14 30
7 15 15
7 16 15
7 17 14
7 19 20
7 20 26
7 21 50
7 22 37
7 24 17
7 27 48
7 28 7
7 29 34
7 30 32
7 32 18
7 35 15
7 36 38
7 37 9
7 38 34
7 39 24
7 43 10
7 44 38
7 46 42
7 49 37
8 1 17
8 3 25
8 4 14
8 5 48
8 9 37
8 12 40
8 13 50
8 16 40
8 18 32
8 19 32
8 20 43
8 27 11
8 29 44
8 32 24
8 33 34
8 35 2
8 37 2
8 38 38
8 39 34
8 41 32
8 43 24
8 44 23
8 45 2
8 46 25
8 47 34
8 48 10
8 49 22
9 3 22
9 4 15
9 7 45
9 8 37
9 10 18
9 12 9
9 13 38
9 14 9
9 17 19
9 18 10
9 19 35
9 20 9
9 22 20
9 24 28
9 28 21
9 32 31
9 36 37
9 37 45
9 39 43
9 40 20
9 41 47
9 42 17
9 44 24
10 3 50
10 9 18
10 11 44
10 14 24
10 15 14
10 16 41
10 19 39
10 20 10
10 21 20
10 23 41
10 25 16
10 27 26
10 30 46
10 33 35
10 35 34
10 36 49
10 37 3
10 38 9
10 40 39
10 41 22
10 42 45
10 44 1
10 45 12
10 46 37
10 47 1
10 48 47
10 49 20
11 1 5
11 2 45
11 3 35
11 4 38
11 5 33
11 10 44
11 21 45
11 22 19
11 26 12
11 27 4
11 28 13
11 29 3
11 31 21
11 33 34
11 34 32
11 36 18
11 37 48
11 38 31
11 39 38
11 41 41
11 43 23
11 44 31
11 45 27
11 48 14
12 1 20
12 2 48
12 4 3
12 6 30
12 7 33
12 8 40
12 9 9
12 13 21
12 16 18
12 18 6
12 19 26
12 21 44
12 22 41
12 24 41
12 26 40
12 27 17
12 30 25
12 32 2
12 35 43
12 36 13
12 38 33
12 39 24
12 41 6
12 42 43
12 43 15
12 45 44
12 46 29
12 49 2
13 1 30
13 3 15
13 4 38
13 5 8
13 8 50
13 9 38
13 12 21
13 15 23
13 17 12
13 18 24
13 20 25
13 21 24
13 22 49
13 23 18
13 24 15
13 25 44
13 26 30
13 27 47
13 28 39
13 29 48
13 33 50
13 35 15
13 36 39
13 38 3
13 39 6
13 40 48
13 42 2
13 43 35
13 44 6
13 45 9
13 47 49
13 48 32
13 49 28
14 4 35
14 7 30
14 9 9
14 10 24
14 15 45
14 19 33
14 21 6
14 23 25
14 24 28
14 25 14
14 26 42
14 28 28
14 31 39
14 33 31
14 37 30
14 40 37
14 45 14
14 47 29
15 1 49
15 2 36
15 3 6
15 6 8
15 7 15
15 10 14
15 13 23
15 14 45
15 16 8
15 19 21
15 20 33
15 21 2
15 22 32
15 25 38
15 30 33
15 32 44
15 33 23
15 34 50
15 36 36
15 39 13
15 40 22
15 42 3
15 43 31
15 44 30
15 45 40
15 46 9
15 47 14
15 49 19
16 2 38
16 3 40
16 4 27
16 5 38
16 6 21
16 7 15
16 8 40
16 10 41
16 12 18
16 15 8
16 17 19
16 18 48
16 19 30
16 20 13
16 21 27
16 24 49
16 25 6
16 26 10
16 28 5
16 29 42
16 31 17
16 32 37
16 33 8
16 35 27
16 36 3
16 39 34
16 40 11
16 42 34
16 43 8
16 46 46
16 47 6
16 49 43
17 2 50
17 3 28
17 4 35
17 7 14
17 9 19
17 13 12
17 16 19
17 19 6
17 20 49
17 21 31
17 23 5
17 24 14
17 26 41
17 28 42
17 33 17
17 35 2
17 37 4
17 38 34
17 39 4
17 40 19
17 41 35
17 42 40
17 44 10
17 45 23
17 46 46
17 48 9
18 2 40
18 4 12
18 6 42
18 8 32
18 9 10
18 12 6
18 13 24
18 16 48
18 19 46
18 20 17
18 21 10
18 28 44
18 29 24
18 32 46
18 35 21
18 36 17
18 37 50
18 41 41
18 43 33
18 44 7
18 45 12
18 46 11
18 47 23
18 49 12
19 2 2
19 5 3
19 7 20
19 8 32
19 9 35
19 10 39
19 12 26
19 14 33
19 15 21
19 16 30
19 17 6
19 18 46
19 21 28
19 23 16
19 26 50
19 27 40
19 29 11
19 30 32
19 31 23
19 33 8
19 34 50
19 37 8
19 40 6
19 41 7
19 43 42
19 45 19
19 46 10
19 48 42
20 1 35
20 2 18
20 3 11
20 6 49
20 7 26
20 8 43
20 9 9
20 10 10
20 13 25
20 15 33
20 16 13
20 17 49
20 18 17
20 21 1
20 25 24
20 27 31
20 28 38
20 29 7
20 32 42
20 33 4
20 34 33
20 35 36
20 36 39
20 37 47
20 39 49
20 40 20
20 43 30
20 46 47
20 47 27
20 49 44
21 5 40
21 6 38
21 7 50
21 10 20
21 11 45
21 12 44
21 13 24
21 14 6
21 15 2
21 16 27
21 17 31
21 18 10
21 19 28
21 20 1
21 24 45
21 27 28
21 28 42
21 29 49
21 34 9
21 42 45
22 1 33
22 2 49
22 4 47
22 7 37
22 9 20
22 11 19
22 12 41
22 13 49
22 15 32
22 23 30
22 25 26
22 26 24
22 27 19
22 30 1
22 37 11
22 39 38
22 43 19
22 45 50
22 47 45
22 48 12
22 49 35
23 1 18
23 3 23
23 4 35
23 5 31
23 6 21
23 10 41
23 13 18
23 14 25
23 17 5
23 19 16
23 22 30
23 27 28
23 28 25
23 29 28
23 30 23
23 33 18
23 34 40
23 35 39
23 39 41
23 40 41
23 42 20
23 47 18
23 49 1
24 1 17
24 2 7
24 4 42
24 5 26
24 7 17
24 9 28
24 12 41
24 13 15
24 14 28
24 16 49
24 17 14
24 21 45
24 28 36
24 29 7
24 32 25
24 33 43
24 34 15
24 39 11
24 44 12
24 46 48
25 1 24
25 3 4
25 10 16
25 13 44
25 14 14
25 15 38
25 16 6
25 20 24
25 22 26
25 27 16
25 28 17
25 30 24
25 31 11
25 32 18
25 35 43
25 36 3
25 39 11
25 41 7
25 44 46
25 48 4
25 49 10
26 1 47
26 4 42
26 5 41
26 11 12
26 12 40
26 13 30
26 14 42
26 16 10
26 17 41
26 19 50
26 22 24
26 27 3
26 28 1
26 31 39
26 33 14
26 36 33
26 37 1
26 40 9
26 41 34
26 43 9
26 44 23
26 46 5
26 47 4
27 1 43
27 4 22
27 7 48
27 8 11
27 10 26
27 11 4
27 12 17
27 13 47
27 19 40
27 20 31
27 21 28
27 22 19
27 23 28
27 25 16
27 26 3
27 29 7
27 30 11
27 33 19
27 35 31
27 39 33
27 40 39
27 42 22
27 43 2
27 46 14
27 47 41
27 48 25
27 49 45
28 1 23
28 2 3
28 4 33
28 5 13
28 6 27
28 7 7
28 9 21
28 11 13
28 13 39
28 14 28
28 16 5
28 17 42
28 18 44
28 20 38
28 21 42
28 23 25
28 24 36
28 25 17
28 26 1
28 30 49
28 32 44
28 34 36
28 35 4
28 36 1
28 38 35
28 40 35
28 44 47
28 46 46
28 49 34
29 1 47
29 2 16
29 4 45
29 6 42
29 7 34
29 8 44
29 11 3
29 13 48
29 16 42
29 18 24
29 19 11
29 20 7
29 21 49
29 23 28
29 24 7
29 27 7
29 30 18
29 31 13
29 35 27
29 36 32
29 41 36
29 42 14
29 44 39
30 1 27
30 4 35
30 6 47
30 7 32
30 10 46
30 12 25
30 15 33
30 19 32
30 22 1
30 23 23
30 25 24
30 27 11
30 28 49
30 29 18
30 32 39
30 33 38
30 34 29
30 35 47
30 36 33
30 39 34
30 40 8
30 41 26
30 42 11
30 43 7
30 48 18
31 1 17
31 3 5
31 4 44
31 11 21
31 14 39
31 16 17
31 19 23
31 25 11
31 26 39
31 29 13
31 34 46
31 36 12
31 38 40
31 41 3
31 44 11
31 48 49
31 49 31
32 1 25
32 2 7
32 6 24
32 7 18
32 8 24
32 9 31
32 12 2
32 15 44
32 16 37
32 18 46
32 20 42
32 24 25
32 25 18
32 28 44
32 30 39
32 36 3
32 37 44
32 39 16
32 40 21
32 41 31
32 42 12
32 43 31
32 44 16
32 46 29
33 4 49
33 8 34
33 10 35
33 11 34
33 13 50
33 14 31
33 15 23
33 16 8
33 17 17
33 19 8
33 20 4
33 23 18
33 24 43
33 26 14
33 27 19
33 30 38
33 34 21
33 36 32
33 37 50
33 38 44
33 39 1
33 40 20
33 42 11
33 43 2
33 49 21
34 4 34
34 6 16
34 11 32
34 15 50
34 19 50
34 20 33
34 21 9
34 23 40
34 24 15
34 28 36
34 30 29
34 31 46
34 33 21
34 35 14
34 37 21
34 38 9
34 39 22
34 41 37
34 43 16
34 46 24
34 47 12
35 3 26
35 4 10
35 6 3
35 7 15
35 8 2
35 10 34
35 12 43
35 13 15
35 16 27
35 17 2
35 18 21
35 20 36
35 23 39
35 25 43
35 27 31
35 28 4
35 29 27
35 30 47
35 34 14
35 38 28
35 43 1
35 46 22
35 48 4
36 1 33
36 2 37
36 3 26
36 4 9
36 5 47
36 7 38
36 9 37
36 10 49
36 11 18
36 12 13
36 13 39
36 15 36
36 16 3
36 18 17
36 20 39
36 25 3
36 26 33
36 28 1
36 29 32
36 30 33
36 31 12
36 32 3
36 33 32
36 40 35
36 41 28
36 44 50
36 45 42
36 46 20
37 1 38
37 3 22
37 5 31
37 6 7
37 7 9
37 8 2
37 9 45
37 10 3
37 11 48
37 14 30
37 17 4
37 18 50
37 19 8
37 20 47
37 22 11
37 26 1
37 32 44
37 33 50
37 34 21
37 38 21
37 39 34
37 44 41
37 46 25
37 47 27
37 49 41
38 2 23
38 3 40
38 5 5
38 6 34
38 7 34
38 8 38
38 10 9
38 11 31
38 12 33
38 13 3
38 17 34
38 28 35
38 31 40
38 33 44
38 34 9
38 35 28
38 37 21
38 39 9
38 41 13
38 47 36
38 49 44
39 5 20
39 7 24
39 8 34
39 9 43
39 11 38
39 12 24
39 13 6
39 15 13
39 16 34
39 17 4
39 20 49
39 22 38
39 23 41
39 24 11
39 25 11
39 27 33
39 30 34
39 32 16
39 33 1
39 34 22
39 37 34
39 38 9
39 45 28
39 48 13
39 49 38
40 2 27
40 3 6
40 4 33
40 9 20
40 10 39
40 13 48
40 14 37
40 15 22
40 16 11
40 17 19
40 19 6
40 20 20
40 23 41
40 26 9
40 27 39
40 28 35
40 30 8
40 32 21
40 33 20
40 36 35
40 41 34
40 44 29
40 46 34
40 47 21
40 48 25
40 49 4
41 1 4
41 3 4
41 6 13
41 8 32
41 9 47
41 10 22
41 11 41
41 12 6
41 17 35
41 18 41
41 19 7
41 25 7
41 26 34
41 29 36
41 30 26
41 31 3
41 32 31
41 34 37
41 36 28
41 38 13
41 40 34
41 42 25
41 44 38
41 45 7
41 46 42
41 47 16
41 49 19
42 6 5
42 9 17
42 10 45
42 12 43
42 13 2
42 15 3
42 16 34
42 17 40
42 21 45
42 23 20
42 27 22
42 29 14
42 30 11
42 32 12
42 33 11
42 41 25
42 43 12
42 44 7
42 47 40
42 48 26
42 49 39
43 5 39
43 7 10
43 8 24
43 11 23
43 12 15
43 13 35
43 15 31
43 16 8
43 18 33
43 19 42
43 20 30
43 22 19
43 26 9
43 27 2
43 30 7
43 32 31
43 33 2
43 34 16
43 35 1
43 42 12
43 44 4
43 46 30
43 48 11
44 3 12
44 6 27
44 7 38
44 8 23
44 9 24
44 10 1
44 11 31
44 13 6
44 15 30
44 17 10
44 18 7
44 24 12
44 25 46
44 26 23
44 28 47
44 29 39
44 31 11
44 32 16
44 36 50
44 37 41
44 40 29
44 41 38
44 42 7
44 43 4
44 46 27
45 3 31
45 4 24
45 5 2
45 6 19
45 8 2
45 10 12
45 11 27
45 12 44
45 13 9
45 14 14
45 15 40
45 17 23
45 18 12
45 19 19
45 22 50
45 36 42
45 39 28
45 41 7
45 46 49
45 47 14
45 48 22
46 1 50
46 2 12
46 3 17
46 5 13
46 6 28
46 7 42
46 8 25
46 10 37
46 12 29
46 15 9
46 16 46
46 17 46
46 18 11
46 19 10
46 20 47
46 24 48
46 26 5
46 27 14
46 28 46
46 32 29
46 34 24
46 35 22
46 36 20
46 37 25
46 40 34
46 41 42
46 43 30
46 44 27
46 45 49
46 48 10
46 49 37
47 1 14
47 4 41
47 5 29
47 8 34
47 10 1
47 13 49
47 14 29
47 15 14
47 16 6
47 18 23
47 20 27
47 22 45
47 23 18
47 26 4
47 27 41
47 34 12
47 37 27
47 38 36
47 40 21
47 41 16
47 42 40
47 45 14
48 8 10
48 10 47
48 11 14
48 13 32
48 17 9
48 19 42
48 22 12
48 25 4
48 27 25
48 30 18
48 31 49
48 35 4
48 39 13
48 40 25
48 42 26
48 43 11
48 45 22
48 46 10
48 49 28
1 t 42
2 t 12
5 t 45
6 t 50
7 t 37
8 t 22
10 t 20
12 t 2
13 t 28
15 t 19
16 t 43
18 t 12
20 t 44
22 t 35
23 t 1
25 t 10
27 t 45
28 t 34
31 t 31
33 t 21
37 t 41
38 t 44
39 t 38
40 t 4
41 t 19
42 t 39
46 t 37
48 t 28
