s 1 69
s 3 1
s 4 59
s 6 28
s 9 42
s 10 2
s 11 4
s 12 23
s 13 33
s 17 15
s 18 21
s 19 1
s 20 21
s 21 29
s 24 65
s 25 45
s 26 25
s 27 10
s 36 47
s 37 6
s 38 60
s 39 14
s 41 58
s 42 60
s 44 56
s 46 28
s 47 21
s 48 35
s 49 65
1 2 69
1 3 16
1 5 11
1 6 23
1 8 66
1 9 40
1 12 28
1 13 43
1 15 6
1 18 5
1 19 20
1 22 48
1 24 5
1 27 46
1 31 57
1 32 52
1 34 36
1 36 68
1 37 61
1 38 43
1 43 69
1 44 43
1 45 10
1 46 19
1 48 65
2 1 69
2 5 14
2 6 35
2 10 35
2 13 19
2 15 39
2 16 16
2 17 41
2 21 19
2 22 11
2 24 9
2 25 53
2 26 52
2 28 9
2 30 15
2 31 8
2 32 41
2 33 28
2 34 23
2 36 45
2 37 5
2 38 31
2 40 61
2 43 11
2 46 8
2 47 1
2 49 51
3 1 16
3 5 4
3 6 50
3 12 39
3 14 44
3 16 43
3 17 54
3 20 37
3 21 60
3 22 40
3 23 8
3 28 38
3 29 33
3 31 59
3 33 51
3 34 47
3 40 8
3 41 68
3 42 8
3 43 17
3 44 61
3 45 55
3 46 15
3 47 6
3 48 70
4 5 6
4 6 57
4 7 62
4 8 28
4 9 47
4 10 36
4 12 14
4 13 51
4 14 41
4 15 61
4 16 57
4 17 17
4 18 5
4 19 5
4 23 63
4 26 1
4 28 44
4 29 32
4 33 48
4 34 68
4 35 32
4 37 23
4 38 19
4 41 55
4 42 65
4 43 56
4 45 42
4 47 16
4 48 53
5 1 11
5 2 14
5 3 4
5 4 6
5 7 38
5 11 64
5 12 18
5 14 53
5 16 45
5 19 50
5 20 47
5 23 8
5 24 20
5 27 40
5 28 12
5 29 61
5 32 38
5 34 35
5 35 26
5 38 55
5 39 28
5 41 47
5 42 4
5 43 24
5 44 49
5 45 57
5 46 17
5 47 65
5 48 58
5 49 59
6 1 23
6 2 35
6 3 50
6 4 57
6 8 17
6 9 29
6 13 55
6 14 61
6 16 26
6 17 35
6 20 18
6 21 40
6 22 28
6 25 57
6 26 22
6 32 32
6 33 41
6 35 14
6 37 67
6 40 54
6 41 13
6 42 57
6 43 48
6 46 12
6 48 6
6 49 27
7 4 62
7 5 38
7 8 4
7 9 29
7 10 59
7 11 66
7 12 46
7 13 34
7 14 69
7 15 11
7 16 54
7 17 56
7 22 9
7 25 12
7 26 51
7 27 21
7 28 15
7 29 8
7 32 10
7 33 11
7 35 10
7 37 22
7 39 15
7 42 37
7 43 69
7 45 69
7 49 58
8 1 66
8 4 28
8 6 17
8 7 4
8 9 26
8 10 64
8 11 21
8 13 31
8 14 25
8 15 45
8 20 43
8 21 59
8 23 30
8 24 3
8 26 63
8 28 33
8 29 57
8 30 43
8 31 33
8 33 11
8 38 29
8 39 48
8 40 34
8 41 38
8 42 36
8 45 38
9 1 40
9 4 47
9 6 29
9 7 29
9 8 26
9 10 15
9 11 47
9 12 31
9 13 38
9 17 16
9 18 36
9 21 56
9 23 46
9 25 35
9 26 19
9 32 43
9 34 54
9 36 46
9 37 54
9 39 44
9 41 66
9 42 37
9 44 47
9 45 16
9 47 56
9 48 7
9 49 36
10 2 35
10 4 36
10 7 59
10 8 64
10 9 15
10 11 24
10 13 65
10 19 23
10 22 5
10 25 5
10 26 55
10 28 59
10 31 8
10 33 28
10 34 36
10 35 68
10 37 29
10 38 36
10 39 30
10 40 27
10 43 31
10 46 12
11 5 64
11 7 66
11 8 21
11 9 47
11 10 24
11 15 46
11 17 11
11 19 40
11 22 41
11 23 21
11 25 31
11 26 18
11 28 31
11 29 22
11 32 22
11 35 52
11 39 31
11 40 52
11 42 66
11 43 68
11 46 39
11 47 40
11 48 20
11 49 44
12 1 28
12 3 39
12 4 14
12 5 18
12 7 46
12 9 31
12 13 9
12 15 15
12 19 37
12 20 23
12 21 62
12 23 64
12 25 1
12 26 54
12 28 70
12 29 37
12 30 17
12 37 52
12 38 47
12 41 33
12 44 68
12 46 21
13 1 43
13 2 19
13 4 51
13 6 55
13 7 34
13 8 31
13 9 38
13 10 65
13 12 9
13 15 4
13 16 47
13 17 41
13 18 66
13 20 8
13 22 47
13 23 8
13 25 49
13 28 49
13 33 52
13 34 4
13 39 15
13 40 50
13 42 3
13 43 13
13 44 14
13 45 8
13 46 60
13 47 70
14 3 44
14 4 41
14 5 53
14 6 61
14 7 69
14 8 25
14 17 42
14 23 63
14 24 58
14 25 13
14 26 59
14 28 11
14 29 58
14 31 63
14 32 50
14 33 16
14 34 15
14 42 13
14 43 8
14 44 26
14 46 2
14 47 28
14 48 39
15 1 6
15 2 39
15 4 61
15 7 11
15 8 45
15 11 46
15 12 15
15 13 4
15 18 67
15 20 44
15 21 57
15 23 50
15 24 50
15 27 48
15 28 66
15 32 57
15 38 4
15 45 14
15 48 68
15 49 62
16 2 16
16 3 43
16 4 57
16 5 45
16 6 26
16 7 54
16 13 47
16 18 18
16 23 13
16 25 41
16 26 66
16 27 48
16 29 24
16 31 18
16 32 58
16 34 63
16 35 16
16 37 59
16 38 65
16 41 7
16 42 41
16 44 6
16 48 12
17 2 41
17 3 54
17 4 17
17 6 35
17 7 56
17 9 16
17 11 11
17 13 41
17 14 42
17 18 3
17 20 53
17 21 60
17 22 25
17 26 24
17 27 65
17 30 19
17 31 48
17 34 52
17 35 20
17 37 22
17 39 57
17 41 56
17 42 49
17 43 69
17 44 42
17 45 27
17 46 27
17 47 28
17 49 48
18 1 5
18 4 5
18 9 36
18 13 66
18 15 67
18 16 18
18 17 3
18 21 22
18 22 18
18 23 63
18 25 34
18 26 25
18 30 1
18 31 16
18 32 10
18 33 30
18 34 70
18 35 24
18 37 6
18 39 44
18 40 40
18 42 42
18 46 34
18 49 68
19 1 20
19 4 5
19 5 50
19 10 23
19 11 40
19 12 37
19 23 17
19 27 47
19 28 69
19 29 15
19 31 47
19 32 53
19 33 62
19 35 50
19 36 23
19 38 36
19 39 16
19 42 70
19 45 13
19 48 2
20 3 37
20 5 47
20 6 18
20 8 43
20 12 23
20 13 8
20 15 44
20 17 53
20 21 70
20 23 64
20 28 53
20 32 7
20 33 39
20 34 56
20 35 69
20 36 4
20 38 28
20 45 45
20 46 18
20 47 23
20 49 3
21 2 19
21 3 60
21 6 40
21 8 59
21 9 56
21 12 62
21 15 57
21 17 60
21 18 22
21 20 70
21 22 60
21 30 21
21 33 64
21 35 70
21 36 52
21 37 66
21 40 9
21 42 48
21 43 70
21 44 68
21 45 19
21 48 52
21 49 19
22 1 48
22 2 11
22 3 40
22 6 28
22 7 9
22 10 5
22 11 41
22 13 47
22 17 25
22 18 18
22 21 60
22 23 28
22 24 8
22 25 9
22 26 44
22 27 19
22 28 7
22 30 14
22 31 56
22 32 67
22 33 66
22 36 41
22 37 31
22 41 70
22 43 38
22 46 27
22 47 67
23 3 8
23 4 63
23 5 8
23 8 30
23 9 46
23 11 21
23 12 64
23 13 8
23 14 63
23 15 50
23 16 13
23 18 63
23 19 17
23 20 64
23 22 28
23 24 36
23 25 58
23 26 18
23 28 70
23 31 15
23 34 47
23 38 3
23 39 14
23 44 46
23 45 67
23 46 16
23 47 46
23 49 36
24 1 5
24 2 9
24 5 20
24 8 3
24 14 58
24 15 50
24 22 8
24 23 36
24 27 14
24 31 56
24 32 45
24 34 12
24 36 69
24 37 30
24 39 34
24 42 22
24 43 61
24 44 44
24 45 51
25 2 53
25 6 57
25 7 12
25 9 35
25 10 5
25 11 31
25 12 1
25 13 49
25 14 13
25 16 41
25 18 34
25 22 9
25 23 58
25 26 42
25 27 9
25 28 39
25 32 20
25 34 69
25 35 49
25 41 53
25 42 8
25 46 38
25 47 60
25 48 53
26 2 52
26 4 1
26 6 22
26 7 51
26 8 63
26 9 19
26 10 55
26 11 18
26 12 54
26 14 59
26 16 66
26 17 24
26 18 25
26 22 44
26 23 18
26 25 42
26 27 68
26 32 36
26 33 2
26 34 29
26 35 54
26 37 65
26 38 12
26 40 56
26 41 33
26 42 15
26 43 32
26 48 27
27 1 46
27 5 40
27 7 21
27 15 48
27 16 48
27 17 65
27 19 47
27 22 19
27 24 14
27 25 9
27 26 68
27 28 3
27 29 70
27 30 50
27 36 26
27 37 31
27 38 6
27 39 63
27 40 38
27 42 46
27 43 3
27 49 34
28 2 9
28 3 38
28 4 44
28 5 12
28 7 15
28 8 33
28 10 59
28 11 31
28 12 70
28 13 49
28 14 11
28 15 66
28 19 69
28 20 53
28 22 7
28 23 70
28 25 39
28 27 3
28 29 6
28 30 67
28 31 61
28 35 32
28 37 69
28 38 62
28 41 60
28 42 66
28 47 26
29 3 33
29 4 32
29 5 61
29 7 8
29 8 57
29 11 22
29 12 37
29 14 58
29 16 24
29 19 15
29 27 70
29 28 6
29 32 19
29 35 62
29 39 25
29 40 15
29 41 31
29 42 24
29 43 30
29 44 18
29 47 65
29 49 49
30 2 15
30 8 43
30 12 17
30 17 19
30 18 1
30 21 21
30 22 14
30 27 50
30 28 67
30 31 10
30 32 8
30 33 28
30 34 3
30 38 8
30 39 19
30 40 51
30 41 26
30 45 30
30 46 67
30 47 21
30 48 60
31 1 57
31 2 8
31 3 59
31 8 33
31 10 8
31 14 63
31 16 18
31 17 48
31 18 16
31 19 47
31 22 56
31 23 15
31 24 56
31 28 61
31 30 10
31 33 5
31 35 13
31 36 54
31 37 45
31 39 37
31 40 34
31 41 56
31 43 2
31 44 50
32 1 52
32 2 41
32 5 38
32 6 32
32 7 10
32 9 43
32 11 22
32 14 50
32 15 57
32 16 58
32 18 10
32 19 53
32 20 7
32 22 67
32 24 45
32 25 20
32 26 36
32 29 19
32 30 8
32 39 41
32 40 37
32 44 23
32 45 61
33 2 28
33 3 51
33 4 48
33 6 41
33 7 11
33 8 11
33 10 28
33 13 52
33 14 16
33 18 30
33 19 62
33 20 39
33 21 64
33 22 66
33 26 2
33 30 28
33 31 5
33 35 68
33 42 19
33 44 67
34 1 36
34 2 23
34 3 47
34 4 68
34 5 35
34 9 54
34 10 36
34 13 4
34 14 15
34 16 63
34 17 52
34 18 70
34 20 56
34 23 47
34 24 12
34 25 69
34 26 29
34 30 3
34 35 5
34 37 35
34 40 6
34 41 34
34 42 58
34 43 10
34 45 69
34 47 54
34 48 32
34 49 15
35 4 32
35 5 26
35 6 14
35 7 10
35 10 68
35 11 52
35 16 16
35 17 20
35 18 24
35 19 50
35 20 69
35 21 70
35 25 49
35 26 54
35 28 32
35 29 62
35 31 13
35 33 68
35 34 5
35 36 10
35 38 8
35 39 60
35 40 15
35 41 61
35 44 51
35 47 69
35 48 69
36 1 68
36 2 45
36 9 46
36 19 23
36 20 4
36 21 52
36 22 41
36 24 69
36 27 26
36 31 54
36 35 10
36 37 65
36 42 40
36 45 19
36 46 27
36 47 35
36 49 58
37 1 61
37 2 5
37 4 23
37 6 67
37 7 22
37 9 54
37 10 29
37 12 52
37 16 59
37 17 22
37 18 6
37 21 66
37 22 31
37 24 30
37 26 65
37 27 31
37 28 69
37 31 45
37 34 35
37 36 65
37 39 32
37 40 38
37 41 49
37 42 7
37 43 55
37 44 33
37 45 19
37 47 3
37 48 52
38 1 43
38 2 31
38 4 19
38 5 55
38 8 29
38 10 36
38 12 47
38 15 4
38 16 65
38 19 36
38 20 28
38 23 3
38 26 12
38 27 6
38 28 62
38 30 8
38 35 8
38 43 66
38 44 61
39 5 28
39 7 15
39 8 48
39 9 44
39 10 30
39 11 31
39 13 15
39 17 57
39 18 44
39 19 16
39 23 14
39 24 34
39 27 63
39 29 25
39 30 19
39 31 37
39 32 41
39 35 60
39 37 32
39 46 39
39 47 35
40 2 61
40 3 8
40 6 54
40 8 34
40 10 27
40 11 52
40 13 50
40 18 40
40 21 9
40 26 56
40 27 38
40 29 15
40 30 51
40 31 34
40 32 37
40 34 6
40 35 15
40 37 38
40 42 23
40 49 25
41 3 68
41 4 55
41 5 47
41 6 13
41 8 38
41 9 66
41 12 33
41 16 7
41 17 56
41 22 70
41 25 53
41 26 33
41 28 60
41 29 31
41 30 26
41 31 56
41 34 34
41 35 61
41 37 49
41 47 49
42 3 8
42 4 65
42 5 4
42 6 57
42 7 37
42 8 36
42 9 37
42 11 66
42 13 3
42 14 13
42 16 41
42 17 49
42 18 42
42 19 70
42 21 48
42 24 22
42 25 8
42 26 15
42 27 46
42 28 66
42 29 24
42 33 19
42 34 58
42 36 40
42 37 7
42 40 23
42 45 67
42 46 68
42 47 10
42 48 20
42 49 22
43 1 69
43 2 11
43 3 17
43 4 56
43 5 24
43 6 48
43 7 69
43 10 31
43 11 68
43 13 13
43 14 8
43 17 69
43 21 70
43 22 38
43 24 61
43 26 32
43 27 3
43 29 30
43 31 2
43 34 10
43 37 55
43 38 66
43 44 46
43 45 5
43 46 28
43 48 42
44 1 43
44 3 61
44 5 49
44 9 47
44 12 68
44 13 14
44 14 26
44 16 6
44 17 42
44 21 68
44 23 46
44 24 44
44 29 18
44 31 50
44 32 23
44 33 67
44 35 51
44 37 33
44 38 61
44 43 46
44 45 31
44 46 9
44 48 16
44 49 43
45 1 10
45 3 55
45 4 42
45 5 57
45 7 69
45 8 38
45 9 16
45 13 8
45 15 14
45 17 27
45 19 13
45 20 45
45 21 19
45 23 67
45 24 51
45 30 30
45 32 61
45 34 69
45 36 19
45 37 19
45 42 67
45 43 5
45 44 31
45 46 22
45 47 48
45 48 33
46 1 19
46 2 8
46 3 15
46 5 17
46 6 12
46 10 12
46 11 39
46 12 21
46 13 60
46 14 2
46 17 27
46 18 34
46 20 18
46 22 27
46 23 16
46 25 38
46 30 67
46 36 27
46 39 39
46 42 68
46 43 28
46 44 9
46 45 22
46 47 19
46 48 70
47 2 1
47 3 6
47 4 16
47 5 65
47 9 56
47 11 40
47 13 70
47 14 28
47 17 28
47 20 23
47 22 67
47 23 46
47 25 60
47 28 26
47 29 65
47 30 21
47 34 54
47 35 69
47 36 35
47 37 3
47 39 35
47 41 49
47 42 10
47 45 48
47 46 19
48 1 65
48 3 70
48 4 53
48 5 58
48 6 6
48 9 7
48 11 20
48 14 39
48 15 68
48 16 12
48 19 2
48 21 52
48 25 53
48 26 27
48 30 60
48 34 32
48 35 69
48 37 52
48 42 20
48 43 42
48 44 16
48 45 33
48 46 70
48 49 69
2 t 51
5 t 59
6 t 27
7 t 58
9 t 36
11 t 44
15 t 62
17 t 48
18 t 68
20 t 3
21 t 19
23 t 36
27 t 34
29 t 49
34 t 15
36 t 58
40 t 25
42 t 22
44 t 43
48 t 69
