s 2 5
s 15 10
s 22 3
s 27 6
s 36 8
s 37 6
s 41 8
s 45 10
1 2 9
1 6 3
1 8 7
1 11 10
1 12 10
1 18 4
1 21 2
1 23 5
1 28 5
1 29 1
1 30 5
1 31 4
1 37 4
1 40 6
1 45 8
2 1 9
2 4 6
2 6 5
2 7 5
2 8 1
2 12 2
2 13 3
2 15 2
2 16 8
2 18 7
2 24 9
2 26 4
2 29 3
2 32 4
2 34 8
2 45 4
2 47 6
2 48 7
3 6 1
3 7 5
3 8 4
3 9 9
3 16 2
3 20 3
3 23 4
3 25 4
3 29 1
3 33 3
3 36 4
3 38 3
3 39 4
3 41 5
3 43 6
3 44 2
3 46 1
4 2 6
4 5 2
4 7 8
4 10 8
4 15 10
4 22 10
4 23 3
4 25 3
4 28 10
4 34 8
4 35 3
4 38 6
4 39 1
4 40 10
4 46 5
4 47 3
5 4 2
5 9 1
5 13 8
5 14 9
5 19 1
5 21 5
5 23 9
5 25 8
5 29 9
5 30 8
5 31 6
5 36 7
5 44 2
5 47 1
5 49 9
6 1 3
6 2 5
6 3 1
6 7 10
6 8 7
6 14 8
6 17 7
6 21 4
6 24 7
6 29 1
6 33 2
6 36 7
6 41 3
6 43 10
6 44 1
6 45 1
6 46 9
7 2 5
7 3 5
7 4 8
7 6 10
7 12 8
7 17 1
7 20 4
7 26 3
7 27 4
7 29 7
7 33 1
7 34 7
7 37 5
7 39 7
7 40 6
7 42 4
7 49 7
8 1 7
8 2 1
8 3 4
8 6 7
8 13 6
8 18 3
8 20 1
8 21 4
8 23 7
8 25 2
8 27 9
8 29 3
8 33 4
8 36 4
8 43 8
8 44 3
9 3 9
9 5 1
9 10 2
9 13 6
9 14 2
9 20 5
9 24 4
9 33 8
9 34 6
9 46 10
9 49 10
10 4 8
10 9 2
10 14 1
10 16 4
10 17 7
10 23 1
10 24 5
10 26 3
10 33 7
10 34 9
10 35 6
10 36 10
10 37 10
10 38 1
10 48 2
11 1 10
11 16 10
11 22 4
11 25 9
11 27 10
11 37 3
11 38 8
11 39 3
11 42 6
11 44 7
11 47 8
11 49 5
12 1 10
12 2 2
12 7 8
12 13 7
12 16 4
12 21 8
12 23 5
12 27 6
12 29 6
12 33 5
12 39 9
12 40 4
12 43 7
12 44 2
12 45 4
12 46 5
12 47 1
12 48 10
13 2 3
13 5 8
13 8 6
13 9 6
13 12 7
13 14 4
13 16 2
13 19 2
13 25 5
13 26 5
13 43 1
13 44 7
13 45 10
13 47 8
14 5 9
14 6 8
14 9 2
14 10 1
14 13 4
14 15 1
14 16 4
14 17 7
14 20 9
14 26 10
14 27 10
14 33 8
14 37 10
14 41 4
14 48 8
15 2 2
15 4 10
15 14 1
15 16 4
15 20 3
15 22 2
15 30 6
15 32 2
15 33 2
15 36 6
16 2 8
16 3 2
16 10 4
16 11 10
16 12 4
16 13 2
16 14 4
16 15 4
16 17 6
16 26 2
16 28 10
16 29 8
16 30 2
16 31 8
16 32 1
16 35 6
16 37 6
16 38 2
16 41 3
16 46 4
16 49 4
17 6 7
17 7 1
17 10 7
17 14 7
17 16 6
17 22 2
17 23 6
17 28 8
17 29 3
17 31 9
17 32 3
17 34 7
17 38 6
17 39 7
17 42 6
17 45 1
17 49 8
18 1 4
18 2 7
18 8 3
18 21 8
18 24 3
18 27 4
18 32 6
18 37 8
18 39 8
18 41 3
18 46 2
18 47 2
19 5 1
19 13 2
19 20 1
19 23 2
19 25 9
19 28 10
19 29 3
19 30 6
19 33 10
19 34 1
19 39 10
20 3 3
20 7 4
20 8 1
20 9 5
20 14 9
20 15 3
20 19 1
20 21 7
20 23 1
20 34 8
20 38 7
20 47 4
20 49 3
21 1 2
21 5 5
21 6 4
21 8 4
21 12 8
21 18 8
21 20 7
21 23 9
21 24 10
21 26 8
21 30 5
21 36 7
21 39 5
21 40 3
21 41 9
21 45 7
21 46 8
21 47 6
21 48 5
22 4 10
22 11 4
22 15 2
22 17 2
22 24 3
22 30 3
22 36 7
22 47 8
22 49 7
23 1 5
23 3 4
23 4 3
23 5 9
23 8 7
23 10 1
23 12 5
23 17 6
23 19 2
23 20 1
23 21 9
23 27 9
23 35 5
23 36 1
23 41 10
23 45 4
23 46 5
23 48 2
24 2 9
24 6 7
24 9 4
24 10 5
24 18 3
24 21 10
24 22 3
24 27 2
24 35 6
24 36 8
24 39 7
24 44 5
24 46 3
24 49 9
25 3 4
25 4 3
25 5 8
25 8 2
25 11 9
25 13 5
25 19 9
25 26 9
25 28 2
25 31 1
25 33 2
25 37 4
25 38 5
25 43 1
25 48 7
26 2 4
26 7 3
26 10 3
26 13 5
26 14 10
26 16 2
26 21 8
26 25 9
26 31 1
26 37 9
26 39 9
26 40 2
26 41 3
26 42 5
26 49 3
27 7 4
27 8 9
27 11 10
27 12 6
27 14 10
27 18 4
27 23 9
27 24 2
27 28 1
27 31 4
27 32 6
27 43 2
27 45 3
27 46 1
27 48 7
28 1 5
28 4 10
28 16 10
28 17 8
28 19 10
28 25 2
28 27 1
28 30 2
28 32 8
28 37 9
28 38 4
28 41 4
28 47 8
28 49 2
29 1 1
29 2 3
29 3 1
29 5 9
29 6 1
29 7 7
29 8 3
29 12 6
29 16 8
29 17 3
29 19 3
29 43 3
30 1 5
30 5 8
30 15 6
30 16 2
30 19 6
30 21 5
30 22 3
30 28 2
30 31 7
30 35 4
30 39 5
30 44 7
30 46 5
30 48 5
31 1 4
31 5 6
31 16 8
31 17 9
31 25 1
31 26 1
31 27 4
31 30 7
31 32 10
31 33 8
31 34 10
31 41 4
31 42 10
31 46 5
31 48 1
32 2 4
32 15 2
32 16 1
32 17 3
32 18 6
32 27 6
32 28 8
32 31 10
32 34 2
32 38 9
32 39 7
32 46 6
32 48 10
32 49 6
33 3 3
33 6 2
33 7 1
33 8 4
33 9 8
33 10 7
33 12 5
33 14 8
33 15 2
33 19 10
33 25 2
33 31 8
33 34 6
33 37 10
33 42 8
33 43 2
33 45 3
33 46 4
34 2 8
34 4 8
34 7 7
34 9 6
34 10 9
34 17 7
34 19 1
34 20 8
34 31 10
34 32 2
34 33 6
34 39 10
34 40 1
34 42 9
34 43 6
34 47 6
35 4 3
35 10 6
35 16 6
35 23 5
35 24 6
35 30 4
35 38 4
35 39 1
35 43 4
35 48 9
35 49 7
36 3 4
36 5 7
36 6 7
36 8 4
36 10 10
36 15 6
36 21 7
36 22 7
36 23 1
36 24 8
36 39 2
36 42 2
36 44 1
36 49 5
37 1 4
37 7 5
37 10 10
37 11 3
37 14 10
37 16 6
37 18 8
37 25 4
37 26 9
37 28 9
37 33 10
37 40 3
37 41 3
37 45 2
37 48 1
37 49 9
38 3 3
38 4 6
38 10 1
38 11 8
38 16 2
38 17 6
38 20 7
38 25 5
38 28 4
38 32 9
38 35 4
38 39 2
38 40 9
38 42 5
38 43 3
38 44 6
39 3 4
39 4 1
39 7 7
39 11 3
39 12 9
39 17 7
39 18 8
39 19 10
39 21 5
39 24 7
39 26 9
39 30 5
39 32 7
39 34 10
39 35 1
39 36 2
39 38 2
39 40 2
39 41 6
39 44 9
39 45 1
39 47 1
39 49 3
40 1 6
40 4 10
40 7 6
40 12 4
40 21 3
40 26 2
40 34 1
40 37 3
40 38 9
40 39 2
40 42 9
40 44 1
41 3 5
41 6 3
41 14 4
41 16 3
41 18 3
41 21 9
41 23 10
41 26 3
41 28 4
41 31 4
41 37 3
41 39 6
41 42 1
41 43 2
41 48 2
41 49 5
42 7 4
42 11 6
42 17 6
42 26 5
42 31 10
42 33 8
42 34 9
42 36 2
42 38 5
42 40 9
42 41 1
43 3 6
43 6 10
43 8 8
43 12 7
43 13 1
43 25 1
43 27 2
43 29 3
43 33 2
43 34 6
43 35 4
43 38 3
43 41 2
43 45 5
43 46 3
43 49 5
44 3 2
44 5 2
44 6 1
44 8 3
44 11 7
44 12 2
44 13 7
44 24 5
44 30 7
44 36 1
44 38 6
44 39 9
44 40 1
44 48 2
44 49 3
45 1 8
45 2 4
45 6 1
45 12 4
45 13 10
45 17 1
45 21 7
45 23 4
45 27 3
45 33 3
45 37 2
45 39 1
45 43 5
46 3 1
46 4 5
46 6 9
46 9 10
46 12 5
46 16 4
46 18 2
46 21 8
46 23 5
46 24 3
46 27 1
46 30 5
46 31 5
46 32 6
46 33 4
46 43 3
46 47 4
46 49 4
47 2 6
47 4 3
47 5 1
47 11 8
47 12 1
47 13 8
47 18 2
47 20 4
47 21 6
47 22 8
47 28 8
47 34 6
47 39 1
47 46 4
48 2 7
48 10 2
48 12 10
48 14 8
48 21 5
48 23 2
48 25 7
48 27 7
48 30 5
48 31 1
48 32 10
48 35 9
48 37 1
48 41 2
48 44 2
5 t 9
7 t 7
9 t 10
11 t 5
16 t 4
17 t 8
20 t 3
22 t 7
24 t 9
26 t 3
28 t 2
32 t 6
35 t 7
36 t 5
37 t 9
39 t 3
41 t 5
43 t 5
44 t 3
46 t 4
