s 1 35
s 7 45
s 9 56
s 11 46
s 12 59
s 13 47
s 15 58
s 19 44
s 21 56
s 22 17
s 23 8
s 25 9
s 30 54
s 31 47
s 32 56
s 35 56
s 36 28
s 37 44
s 38 39
s 39 56
s 41 45
s 43 1
s 44 38
s 45 26
s 47 58
s 48 28
s 49 47
1 2 27
1 3 24
1 5 17
1 11 60
1 12 40
1 13 51
1 14 5
1 16 30
1 19 53
1 24 60
1 26 44
1 27 2
1 28 12
1 30 44
1 31 29
1 36 56
1 42 6
1 43 15
1 47 53
1 49 14
2 1 27
2 3 12
2 4 26
2 5 30
2 6 30
2 7 43
2 8 22
2 9 38
2 10 47
2 12 36
2 14 47
2 16 9
2 18 30
2 19 19
2 20 36
2 21 29
2 24 36
2 25 26
2 26 19
2 29 10
2 30 57
2 35 29
2 38 27
2 40 56
2 41 41
2 42 1
2 44 24
2 46 44
2 47 11
2 48 11
2 49 15
3 1 24
3 2 12
3 8 19
3 10 36
3 13 19
3 16 25
3 18 58
3 23 44
3 24 20
3 25 27
3 26 52
3 27 37
3 29 17
3 30 53
3 31 11
3 33 15
3 34 11
3 35 51
3 38 58
3 39 30
3 40 59
3 41 40
3 44 20
3 45 13
3 47 44
4 2 26
4 5 35
4 6 42
4 7 15
4 9 54
4 10 60
4 12 24
4 16 7
4 18 48
4 20 47
4 21 10
4 23 2
4 24 47
4 28 12
4 30 25
4 31 10
4 32 4
4 34 1
4 36 59
4 37 12
4 38 45
4 41 37
4 42 46
4 48 19
5 1 17
5 2 30
5 4 35
5 6 40
5 13 58
5 14 34
5 15 1
5 16 47
5 22 50
5 24 53
5 25 17
5 29 17
5 30 17
5 31 17
5 32 1
5 33 32
5 34 58
5 36 46
5 37 13
5 41 17
5 43 38
5 45 15
5 47 38
5 48 7
6 2 30
6 4 42
6 5 40
6 8 25
6 10 22
6 14 50
6 15 26
6 17 22
6 18 25
6 20 21
6 21 2
6 22 52
6 23 39
6 25 15
6 27 42
6 29 36
6 30 41
6 33 4
6 35 34
6 36 10
6 40 54
6 41 55
6 42 21
6 43 19
6 44 56
6 45 58
6 46 3
6 48 43
7 2 43
7 4 15
7 8 54
7 9 10
7 10 45
7 11 39
7 13 49
7 17 3
7 18 10
7 19 49
7 20 56
7 21 19
7 22 23
7 25 54
7 28 6
7 31 44
7 32 48
7 33 47
7 34 52
7 36 4
7 38 60
7 40 48
7 42 44
7 44 6
7 45 43
7 46 21
7 47 14
8 2 22
8 3 19
8 6 25
8 7 54
8 12 47
8 13 50
8 14 42
8 15 16
8 20 56
8 28 5
8 29 33
8 30 51
8 31 10
8 34 22
8 35 9
8 37 21
8 43 43
8 46 54
8 48 26
8 49 54
9 2 38
9 4 54
9 7 10
9 11 53
9 12 18
9 13 58
9 14 48
9 15 57
9 19 50
9 20 37
9 22 14
9 23 9
9 26 43
9 27 48
9 28 16
9 29 57
9 30 52
9 33 5
9 36 4
9 38 14
9 40 21
9 41 57
9 42 33
9 43 20
9 45 16
9 46 27
9 48 37
10 2 47
10 3 36
10 4 60
10 6 22
10 7 45
10 13 8
10 15 52
10 16 60
10 17 59
10 18 45
10 20 9
10 22 26
10 23 55
10 25 8
10 28 26
10 31 42
10 32 47
10 34 53
10 35 38
10 36 23
10 37 34
10 39 11
10 40 60
10 43 38
10 45 59
10 48 51
11 1 60
11 7 39
11 9 53
11 14 51
11 15 19
11 16 7
11 17 13
11 18 20
11 21 29
11 22 39
11 23 18
11 24 12
11 25 9
11 26 50
11 27 44
11 28 51
11 29 30
11 30 45
11 31 39
11 32 26
11 33 51
11 34 5
11 39 41
11 41 15
11 43 27
11 46 54
11 47 47
12 1 40
12 2 36
12 4 24
12 8 47
12 9 18
12 13 42
12 14 30
12 16 53
12 20 32
12 22 40
12 23 30
12 24 39
12 26 3
12 27 43
12 29 17
12 30 26
12 31 15
12 32 59
12 34 11
12 36 14
12 38 56
12 45 21
12 47 44
12 48 18
13 1 51
13 3 19
13 5 58
13 7 49
13 8 50
13 9 58
13 10 8
13 12 42
13 14 42
13 17 25
13 20 23
13 26 45
13 28 21
13 30 39
13 32 34
13 33 6
13 34 27
13 37 6
13 41 42
13 45 1
13 46 20
13 47 18
14 1 5
14 2 47
14 5 34
14 6 50
14 8 42
14 9 48
14 11 51
14 12 30
14 13 42
14 15 58
14 16 59
14 17 33
14 18 16
14 29 47
14 30 19
14 31 47
14 34 44
14 36 21
14 37 45
14 40 49
14 41 8
14 45 55
14 49 13
15 5 1
15 6 26
15 8 16
15 9 57
15 10 52
15 11 19
15 14 58
15 19 19
15 21 48
15 24 6
15 25 15
15 26 27
15 28 54
15 29 30
15 30 29
15 31 6
15 32 11
15 33 11
15 34 47
15 36 49
15 38 31
15 39 33
15 41 17
15 43 20
15 45 24
15 46 15
15 47 11
16 1 30
16 2 9
16 3 25
16 4 7
16 5 47
16 10 60
16 11 7
16 12 53
16 14 59
16 23 40
16 24 11
16 26 47
16 28 30
16 31 15
16 32 6
16 33 42
16 34 25
16 35 27
16 39 1
16 40 7
16 42 38
16 44 31
16 48 53
16 49 9
17 6 22
17 7 3
17 10 59
17 11 13
17 13 25
17 14 33
17 21 49
17 25 47
17 26 6
17 29 28
17 30 12
17 31 8
17 32 36
17 34 6
17 35 42
17 36 38
17 38 30
17 43 21
17 45 6
17 47 34
17 49 4
18 2 30
18 3 58
18 4 48
18 6 25
18 7 10
18 10 45
18 11 20
18 14 16
18 20 20
18 21 30
18 22 14
18 25 59
18 27 14
18 28 24
18 30 33
18 31 59
18 32 6
18 36 47
18 39 54
18 44 45
18 45 25
18 46 39
18 47 35
18 49 40
19 1 53
19 2 19
19 7 49
19 9 50
19 15 19
19 24 15
19 25 3
19 26 8
19 28 15
19 30 8
19 31 39
19 32 17
19 33 30
19 35 58
19 36 43
19 37 18
19 38 1
19 41 32
19 42 4
19 43 14
19 44 38
19 45 19
19 48 29
20 2 36
20 4 47
20 6 21
20 7 56
20 8 56
20 9 37
20 10 9
20 12 32
20 13 23
20 18 20
20 21 57
20 23 47
20 24 16
20 25 58
20 28 27
20 31 18
20 32 20
20 33 57
20 34 19
20 35 34
20 36 2
20 38 38
20 39 18
20 42 8
20 43 57
20 44 2
20 45 41
20 46 14
20 47 26
21 2 29
21 4 10
21 6 2
21 7 19
21 11 29
21 15 48
21 17 49
21 18 30
21 20 57
21 25 33
21 26 37
21 27 41
21 29 18
21 30 16
21 31 7
21 33 35
21 35 41
21 37 19
21 38 9
21 43 54
21 44 41
21 45 46
21 46 23
21 47 12
22 5 50
22 6 52
22 7 23
22 9 14
22 10 26
22 11 39
22 12 40
22 18 14
22 23 16
22 26 35
22 31 28
22 33 14
22 36 20
22 37 55
22 38 56
22 40 51
22 41 20
22 43 13
22 45 33
22 46 44
22 47 23
22 49 54
23 3 44
23 4 2
23 6 39
23 9 9
23 10 55
23 11 18
23 12 30
23 16 40
23 20 47
23 22 16
23 24 17
23 26 4
23 30 46
23 31 42
23 32 1
23 33 42
23 34 57
23 37 55
23 38 10
23 40 8
23 46 16
23 47 44
24 1 60
24 2 36
24 3 20
24 4 47
24 5 53
24 11 12
24 12 39
24 15 6
24 16 11
24 19 15
24 20 16
24 23 17
24 26 53
24 29 3
24 30 30
24 31 13
24 34 49
24 35 36
24 36 39
24 38 17
24 39 25
24 41 54
24 44 15
24 47 47
24 48 27
25 2 26
25 3 27
25 5 17
25 6 15
25 7 54
25 10 8
25 11 9
25 15 15
25 17 47
25 18 59
25 19 3
25 20 58
25 21 33
25 26 4
25 27 39
25 30 26
25 33 41
25 34 17
25 35 36
25 41 21
25 44 12
25 45 12
25 48 47
26 1 44
26 2 19
26 3 52
26 9 43
26 11 50
26 12 3
26 13 45
26 15 27
26 16 47
26 17 6
26 19 8
26 21 37
26 22 35
26 23 4
26 24 53
26 25 4
26 27 36
26 31 29
26 36 21
26 37 8
26 39 2
26 44 41
26 45 35
26 46 1
26 47 54
26 48 34
27 1 2
27 3 37
27 6 42
27 9 48
27 11 44
27 12 43
27 18 14
27 21 41
27 25 39
27 26 36
27 30 48
27 35 13
27 37 4
27 39 24
27 40 37
27 44 58
27 45 2
27 48 34
28 1 12
28 4 12
28 7 6
28 8 5
28 9 16
28 10 26
28 11 51
28 13 21
28 15 54
28 16 30
28 18 24
28 19 15
28 20 27
28 30 28
28 31 31
28 32 26
28 33 3
28 34 13
28 35 34
28 37 11
28 40 30
28 41 57
28 44 51
28 48 30
29 2 10
29 3 17
29 5 17
29 6 36
29 8 33
29 9 57
29 11 30
29 12 17
29 14 47
29 15 30
29 17 28
29 21 18
29 24 3
29 31 36
29 33 56
29 34 49
29 35 13
29 37 60
29 39 45
29 42 37
29 43 54
29 44 38
29 45 55
29 47 36
29 48 29
30 1 44
30 2 57
30 3 53
30 4 25
30 5 17
30 6 41
30 8 51
30 9 52
30 11 45
30 12 26
30 13 39
30 14 19
30 15 29
30 17 12
30 18 33
30 19 8
30 21 16
30 23 46
30 24 30
30 25 26
30 27 48
30 28 28
30 31 46
30 32 25
30 33 57
30 35 21
30 38 48
30 39 41
30 42 43
30 43 14
30 44 38
30 48 46
31 1 29
31 3 11
31 4 10
31 5 17
31 7 44
31 8 10
31 10 42
31 11 39
31 12 15
31 14 47
31 15 6
31 16 15
31 17 8
31 18 59
31 19 39
31 20 18
31 21 7
31 22 28
31 23 42
31 24 13
31 26 29
31 28 31
31 29 36
31 30 46
31 34 50
31 35 24
31 36 20
31 38 21
31 40 23
31 41 50
31 42 18
31 43 26
31 45 54
31 46 29
31 48 6
32 4 4
32 5 1
32 7 48
32 10 47
32 11 26
32 12 59
32 13 34
32 15 11
32 16 6
32 17 36
32 18 6
32 19 17
32 20 20
32 23 1
32 28 26
32 30 25
32 33 43
32 36 38
32 44 38
32 47 20
32 48 29
32 49 27
33 3 15
33 5 32
33 6 4
33 7 47
33 9 5
33 11 51
33 13 6
33 15 11
33 16 42
33 19 30
33 20 57
33 21 35
33 22 14
33 23 42
33 25 41
33 28 3
33 29 56
33 30 57
33 32 43
33 37 47
33 40 14
33 41 36
33 43 3
33 45 22
33 46 34
33 48 53
33 49 31
34 3 11
34 4 1
34 5 58
34 7 52
34 8 22
34 10 53
34 11 5
34 12 11
34 13 27
34 14 44
34 15 47
34 16 25
34 17 6
34 20 19
34 23 57
34 24 49
34 25 17
34 28 13
34 29 49
34 31 50
34 37 32
34 38 11
34 39 48
34 40 39
34 44 29
34 46 29
34 47 55
34 48 1
34 49 4
35 2 29
35 3 51
35 6 34
35 8 9
35 10 38
35 16 27
35 17 42
35 19 58
35 20 34
35 21 41
35 24 36
35 25 36
35 27 13
35 28 34
35 29 13
35 30 21
35 31 24
35 37 18
35 39 1
35 40 21
35 45 41
35 48 40
35 49 8
36 1 56
36 4 59
36 5 46
36 6 10
36 7 4
36 9 4
36 10 23
36 12 14
36 14 21
36 15 49
36 17 38
36 18 47
36 19 43
36 20 2
36 22 20
36 24 39
36 26 21
36 31 20
36 32 38
36 37 34
36 38 43
36 39 28
36 40 11
36 41 6
36 47 47
36 48 8
37 4 12
37 5 13
37 8 21
37 10 34
37 13 6
37 14 45
37 19 18
37 21 19
37 22 55
37 23 55
37 26 8
37 27 4
37 28 11
37 29 60
37 33 47
37 34 32
37 35 18
37 36 34
37 41 51
37 42 14
37 44 12
37 45 55
37 46 2
37 49 30
38 2 27
38 3 58
38 4 45
38 7 60
38 9 14
38 12 56
38 15 31
38 17 30
38 19 1
38 20 38
38 21 9
38 22 56
38 23 10
38 24 17
38 30 48
38 31 21
38 34 11
38 36 43
38 39 57
38 40 13
38 41 34
38 45 3
38 47 30
38 48 54
39 3 30
39 10 11
39 11 41
39 15 33
39 16 1
39 18 54
39 20 18
39 24 25
39 26 2
39 27 24
39 29 45
39 30 41
39 34 48
39 35 1
39 36 28
39 38 57
39 40 51
39 43 4
39 46 5
39 48 59
40 2 56
40 3 59
40 6 54
40 7 48
40 9 21
40 10 60
40 14 49
40 16 7
40 22 51
40 23 8
40 27 37
40 28 30
40 31 23
40 33 14
40 34 39
40 35 21
40 36 11
40 38 13
40 39 51
40 41 51
40 42 51
40 43 37
40 45 25
40 47 42
40 48 49
40 49 53
41 2 41
41 3 40
41 4 37
41 5 17
41 6 55
41 9 57
41 11 15
41 13 42
41 14 8
41 15 17
41 19 32
41 22 20
41 24 54
41 25 21
41 28 57
41 31 50
41 33 36
41 36 6
41 37 51
41 38 34
41 40 51
41 42 19
41 43 3
42 1 6
42 2 1
42 4 46
42 6 21
42 7 44
42 9 33
42 16 38
42 19 4
42 20 8
42 29 37
42 30 43
42 31 18
42 37 14
42 40 51
42 41 19
42 43 31
42 45 39
42 47 51
42 48 58
43 1 15
43 5 38
43 6 19
43 8 43
43 9 20
43 10 38
43 11 27
43 15 20
43 17 21
43 19 14
43 20 57
43 21 54
43 22 13
43 29 54
43 30 14
43 31 26
43 33 3
43 39 4
43 40 37
43 41 3
43 42 31
43 44 13
43 45 26
43 46 27
43 47 33
44 2 24
44 3 20
44 6 56
44 7 6
44 16 31
44 18 45
44 19 38
44 20 2
44 21 41
44 24 15
44 25 12
44 26 41
44 27 58
44 28 51
44 29 38
44 30 38
44 32 38
44 34 29
44 37 12
44 43 13
44 45 17
44 46 14
44 48 47
44 49 11
45 3 13
45 5 15
45 6 58
45 7 43
45 9 16
45 10 59
45 12 21
45 13 1
45 14 55
45 15 24
45 17 6
45 18 25
45 19 19
45 20 41
45 21 46
45 22 33
45 25 12
45 26 35
45 27 2
45 29 55
45 31 54
45 33 22
45 35 41
45 37 55
45 38 3
45 40 25
45 42 39
45 43 26
45 44 17
45 46 4
46 2 44
46 6 3
46 7 21
46 8 54
46 9 27
46 11 54
46 13 20
46 15 15
46 18 39
46 20 14
46 21 23
46 22 44
46 23 16
46 26 1
46 31 29
46 33 34
46 34 29
46 37 2
46 39 5
46 43 27
46 44 14
46 45 4
46 48 47
47 1 53
47 2 11
47 3 44
47 5 38
47 7 14
47 11 47
47 12 44
47 13 18
47 15 11
47 17 34
47 18 35
47 20 26
47 21 12
47 22 23
47 23 44
47 24 47
47 26 54
47 29 36
47 32 20
47 34 55
47 36 47
47 38 30
47 40 42
47 42 51
47 43 33
48 2 11
48 4 19
48 5 7
48 6 43
48 8 26
48 9 37
48 10 51
48 12 18
48 16 53
48 19 29
48 24 27
48 25 47
48 26 34
48 27 34
48 28 30
48 29 29
48 30 46
48 31 6
48 32 29
48 33 53
48 34 1
48 35 40
48 36 8
48 38 54
48 39 59
48 40 49
48 42 58
48 44 47
48 46 47
48 49 39
1 t 14
2 t 15
8 t 54
14 t 13
16 t 9
17 t 4
18 t 40
22 t 54
32 t 27
33 t 31
34 t 4
35 t 8
37 t 30
40 t 53
44 t 11
48 t 39
