s 2 43
s 4 43
s 6 47
s 7 62
s 8 73
s 9 70
s 10 78
s 13 9
s 16 41
s 21 63
s 23 5
s 28 25
s 29 19
s 30 11
s 31 37
s 32 16
s 33 29
s 35 56
s 38 7
s 39 44
s 40 53
s 47 46
s 48 27
s 49 72
1 3 38
1 4 44
1 6 16
1 9 6
1 10 24
1 11 17
1 12 65
1 14 16
1 16 8
1 17 12
1 21 33
1 22 35
1 23 40
1 25 18
1 27 80
1 29 50
1 30 15
1 33 78
1 34 50
1 35 58
1 36 68
1 39 17
1 41 44
1 44 60
1 45 8
1 47 54
1 49 21
2 3 56
2 4 22
2 5 4
2 6 76
2 9 51
2 11 49
2 12 43
2 14 49
2 15 17
2 17 9
2 18 57
2 20 12
2 21 49
2 22 32
2 24 71
2 28 43
2 29 62
2 31 46
2 32 78
2 33 24
2 34 62
2 35 41
2 37 69
2 40 40
2 45 72
2 47 9
3 1 38
3 2 56
3 4 44
3 6 47
3 8 77
3 10 44
3 12 19
3 14 24
3 15 9
3 16 32
3 22 17
3 24 35
3 25 59
3 26 21
3 30 25
3 31 10
3 33 75
3 35 26
3 37 74
3 43 1
3 45 51
3 46 47
3 47 35
3 48 41
4 1 44
4 2 22
4 3 44
4 5 33
4 6 51
4 9 44
4 10 30
4 13 1
4 15 77
4 17 21
4 19 21
4 25 10
4 26 65
4 28 29
4 30 23
4 31 66
4 32 57
4 35 42
4 37 3
4 38 77
4 42 45
4 44 16
4 46 44
4 47 14
5 2 4
5 4 33
5 6 35
5 7 22
5 8 26
5 11 23
5 12 63
5 13 9
5 14 11
5 16 54
5 17 69
5 21 28
5 22 49
5 25 23
5 26 25
5 27 57
5 30 52
5 44 80
5 45 42
5 47 38
5 48 29
6 1 16
6 2 76
6 3 47
6 4 51
6 5 35
6 8 9
6 9 27
6 14 47
6 16 41
6 17 58
6 18 65
6 19 22
6 22 29
6 23 71
6 24 9
6 25 34
6 26 43
6 29 48
6 34 80
6 38 36
6 41 15
6 44 26
6 46 49
6 48 65
6 49 8
7 5 22
7 9 39
7 11 56
7 12 40
7 16 80
7 20 53
7 22 68
7 23 53
7 25 66
7 29 55
7 31 73
7 32 43
7 36 79
7 38 20
7 40 53
7 41 27
7 42 65
7 49 9
8 3 77
8 5 26
8 6 9
8 10 44
8 15 61
8 16 26
8 17 63
8 20 62
8 22 79
8 23 52
8 24 74
8 26 67
8 28 7
8 30 24
8 32 39
8 33 35
8 34 22
8 35 7
8 36 75
8 38 57
8 39 56
8 40 1
8 41 49
8 43 24
8 44 11
8 47 59
8 48 59
9 1 6
9 2 51
9 4 44
9 6 27
9 7 39
9 10 43
9 11 71
9 14 19
9 15 52
9 16 40
9 18 32
9 20 29
9 22 50
9 23 55
9 24 78
9 26 76
9 28 59
9 32 38
9 34 14
9 35 31
9 36 30
9 38 77
9 40 25
9 44 80
9 48 4
10 1 24
10 3 44
10 4 30
10 8 44
10 9 43
10 14 55
10 15 40
10 17 20
10 20 30
10 21 24
10 23 65
10 26 42
10 27 9
10 30 42
10 33 56
10 34 41
10 36 1
10 38 4
10 39 42
10 41 2
10 45 62
10 46 15
10 47 46
10 48 70
10 49 30
11 1 17
11 2 49
11 5 23
11 7 56
11 9 71
11 12 43
11 13 42
11 15 4
11 16 13
11 21 70
11 22 7
11 23 47
11 24 43
11 27 45
11 28 39
11 32 29
11 33 19
11 34 50
11 35 39
11 37 58
11 38 68
11 39 49
11 42 55
11 44 11
12 1 65
12 2 43
12 3 19
12 5 63
12 7 40
12 11 43
12 13 77
12 16 73
12 18 68
12 27 46
12 29 68
12 30 54
12 32 13
12 33 20
12 35 31
12 37 68
12 39 10
12 40 25
12 42 28
12 48 4
13 4 1
13 5 9
13 11 42
13 12 77
13 15 43
13 16 15
13 18 70
13 20 79
13 22 42
13 23 56
13 32 72
13 33 15
13 36 62
13 37 51
13 38 47
13 39 29
13 41 58
13 48 41
13 49 15
14 1 16
14 2 49
14 3 24
14 5 11
14 6 47
14 9 19
14 10 55
14 19 61
14 20 48
14 21 43
14 22 42
14 23 50
14 25 41
14 26 34
14 27 50
14 28 76
14 29 54
14 31 53
14 32 63
14 36 72
14 37 34
14 39 2
14 40 37
14 44 48
14 47 69
14 48 73
14 49 66
15 2 17
15 3 9
15 4 77
15 8 61
15 9 52
15 10 40
15 11 4
15 13 43
15 16 24
15 17 2
15 18 11
15 19 40
15 21 8
15 23 74
15 25 23
15 30 47
15 31 5
15 32 32
15 34 15
15 37 28
15 39 25
15 40 58
15 41 75
15 43 70
15 44 17
15 45 64
15 46 48
15 47 80
15 48 60
15 49 60
16 1 8
16 3 32
16 5 54
16 6 41
16 7 80
16 8 26
16 9 40
16 11 13
16 12 73
16 13 15
16 15 24
16 17 28
16 19 10
16 20 72
16 21 44
16 22 35
16 23 4
16 24 20
16 29 60
16 33 39
16 36 67
16 37 15
16 38 67
16 40 68
16 41 58
16 42 50
16 43 32
16 44 8
16 45 64
17 1 12
17 2 9
17 4 21
17 5 69
17 6 58
17 8 63
17 10 20
17 15 2
17 16 28
17 20 38
17 24 11
17 26 73
17 27 24
17 28 28
17 29 74
17 41 15
17 43 73
17 45 58
17 46 38
17 47 68
18 2 57
18 6 65
18 9 32
18 12 68
18 13 70
18 15 11
18 23 27
18 31 53
18 32 17
18 34 6
18 35 27
18 37 37
18 38 20
18 40 79
18 41 17
18 42 25
18 45 65
18 46 53
18 49 22
19 4 21
19 6 22
19 14 61
19 15 40
19 16 10
19 20 59
19 21 62
19 23 62
19 24 19
19 25 18
19 27 58
19 28 28
19 30 73
19 31 43
19 32 12
19 33 57
19 36 5
19 38 74
19 39 25
19 44 12
19 46 70
20 2 12
20 7 53
20 8 62
20 9 29
20 10 30
20 13 79
20 14 48
20 16 72
20 17 38
20 19 59
20 21 76
20 25 70
20 26 31
20 28 65
20 29 2
20 31 79
20 33 32
20 35 56
20 36 78
20 39 53
20 40 22
20 42 41
20 43 36
20 47 60
20 48 21
21 1 33
21 2 49
21 5 28
21 10 24
21 11 70
21 14 43
21 15 8
21 16 44
21 19 62
21 20 76
21 23 57
21 24 73
21 25 12
21 27 40
21 28 51
21 30 62
21 31 59
21 32 44
21 33 66
21 35 25
21 38 71
21 39 21
21 42 52
21 47 32
21 48 48
21 49 6
22 1 35
22 2 32
22 3 17
22 5 49
22 6 29
22 7 68
22 8 79
22 9 50
22 11 7
22 13 42
22 14 42
22 16 35
22 23 19
22 25 15
22 27 37
22 29 18
22 30 67
22 34 35
22 35 48
22 37 70
22 38 31
22 39 30
22 44 24
22 48 70
23 1 40
23 6 71
23 7 53
23 8 52
23 9 55
23 10 65
23 11 47
23 13 56
23 14 50
23 15 74
23 16 4
23 18 27
23 19 62
23 21 57
23 22 19
23 24 2
23 27 24
23 28 1
23 29 53
23 30 19
23 32 76
23 34 12
23 35 53
23 39 68
23 41 24
23 43 35
23 45 58
23 46 51
23 48 19
24 2 71
24 3 35
24 6 9
24 8 74
24 9 78
24 11 43
24 16 20
24 17 11
24 19 19
24 21 73
24 23 2
24 25 21
24 29 46
24 35 22
24 45 15
24 46 9
24 49 40
25 1 18
25 3 59
25 4 10
25 5 23
25 6 34
25 7 66
25 14 41
25 15 23
25 19 18
25 20 70
25 21 12
25 22 15
25 24 21
25 27 63
25 30 6
25 31 80
25 32 76
25 36 56
25 37 71
25 38 9
25 40 51
25 41 51
25 43 11
25 44 76
25 46 57
25 47 27
26 3 21
26 4 65
26 5 25
26 6 43
26 8 67
26 9 76
26 10 42
26 14 34
26 17 73
26 20 31
26 33 27
26 36 59
26 39 60
26 42 59
26 46 67
26 47 40
27 1 80
27 5 57
27 10 9
27 11 45
27 12 46
27 14 50
27 17 24
27 19 58
27 21 40
27 22 37
27 23 24
27 25 63
27 28 1
27 32 14
27 34 15
27 35 13
27 36 54
27 37 38
27 38 49
27 43 78
27 44 2
27 47 39
27 48 3
28 2 43
28 4 29
28 8 7
28 9 59
28 11 39
28 14 76
28 17 28
28 19 28
28 20 65
28 21 51
28 23 1
28 27 1
28 29 77
28 33 18
28 34 58
28 35 8
28 36 32
28 37 55
28 38 57
28 39 18
28 40 68
28 41 17
28 42 22
28 45 48
28 46 6
28 47 29
29 1 50
29 2 62
29 6 48
29 7 55
29 12 68
29 14 54
29 16 60
29 17 74
29 20 2
29 22 18
29 23 53
29 24 46
29 28 77
29 30 22
29 34 55
29 38 54
29 40 45
29 41 36
29 42 26
29 47 73
29 49 17
30 1 15
30 3 25
30 4 23
30 5 52
30 8 24
30 10 42
30 12 54
30 15 47
30 19 73
30 21 62
30 22 67
30 23 19
30 25 6
30 29 22
30 31 79
30 32 74
30 33 79
30 34 42
30 35 56
30 36 77
30 42 40
30 44 53
30 45 4
31 2 46
31 3 10
31 4 66
31 7 73
31 14 53
31 15 5
31 18 53
31 19 43
31 20 79
31 21 59
31 25 80
31 30 79
31 37 43
31 39 20
31 40 29
31 43 59
31 45 33
31 47 35
31 48 66
31 49 51
32 2 78
32 4 57
32 7 43
32 8 39
32 9 38
32 11 29
32 12 13
32 13 72
32 14 63
32 15 32
32 18 17
32 19 12
32 21 44
32 23 76
32 25 76
32 27 14
32 30 74
32 33 6
32 34 30
32 36 56
32 38 70
32 39 23
32 40 47
32 42 16
32 43 70
32 44 76
32 45 34
32 46 14
32 47 2
32 49 28
33 1 78
33 2 24
33 3 75
33 8 35
33 10 56
33 11 19
33 12 20
33 13 15
33 16 39
33 19 57
33 20 32
33 21 66
33 26 27
33 28 18
33 30 79
33 32 6
33 34 79
33 35 73
33 38 49
33 40 27
33 43 59
33 45 61
33 47 29
33 48 27
33 49 65
34 1 50
34 2 62
34 6 80
34 8 22
34 9 14
34 10 41
34 11 50
34 15 15
34 18 6
34 22 35
34 23 12
34 27 15
34 28 58
34 29 55
34 30 42
34 32 30
34 33 79
34 36 76
34 37 57
34 41 63
34 43 3
34 47 68
34 49 44
35 1 58
35 2 41
35 3 26
35 4 42
35 8 7
35 9 31
35 11 39
35 12 31
35 18 27
35 20 56
35 21 25
35 22 48
35 23 53
35 24 22
35 27 13
35 28 8
35 30 56
35 33 73
35 36 27
35 38 47
35 39 78
35 42 32
35 46 67
35 49 40
36 1 68
36 7 79
36 8 75
36 9 30
36 10 1
36 13 62
36 14 72
36 16 67
36 19 5
36 20 78
36 25 56
36 26 59
36 27 54
36 28 32
36 30 77
36 32 56
36 34 76
36 35 27
36 38 51
36 39 64
36 40 20
36 44 42
36 46 48
36 47 25
37 2 69
37 3 74
37 4 3
37 11 58
37 12 68
37 13 51
37 14 34
37 15 28
37 16 15
37 18 37
37 22 70
37 25 71
37 27 38
37 28 55
37 31 43
37 34 57
37 40 78
37 43 72
37 44 32
37 45 28
37 46 56
37 47 53
37 49 1
38 4 77
38 6 36
38 7 20
38 8 57
38 9 77
38 10 4
38 11 68
38 13 47
38 16 67
38 18 20
38 19 74
38 21 71
38 22 31
38 25 9
38 27 49
38 28 57
38 29 54
38 32 70
38 33 49
38 35 47
38 36 51
38 40 39
38 42 55
38 44 27
38 45 33
38 48 9
38 49 22
39 1 17
39 8 56
39 10 42
39 11 49
39 12 10
39 13 29
39 14 2
39 15 25
39 19 25
39 20 53
39 21 21
39 22 30
39 23 68
39 26 60
39 28 18
39 31 20
39 32 23
39 35 78
39 36 64
39 40 43
39 41 79
39 42 43
39 44 51
39 45 7
39 47 15
39 48 68
39 49 15
40 2 40
40 7 53
40 8 1
40 9 25
40 12 25
40 14 37
40 15 58
40 16 68
40 18 79
40 20 22
40 25 51
40 28 68
40 29 45
40 31 29
40 32 47
40 33 27
40 36 20
40 37 78
40 38 39
40 39 43
40 41 63
40 42 79
40 45 73
40 46 59
40 49 44
41 1 44
41 6 15
41 7 27
41 8 49
41 10 2
41 13 58
41 15 75
41 16 58
41 17 15
41 18 17
41 23 24
41 25 51
41 28 17
41 29 36
41 34 63
41 39 79
41 40 63
41 42 76
41 43 11
41 44 58
41 45 1
41 46 15
41 49 64
42 4 45
42 7 65
42 11 55
42 12 28
42 16 50
42 18 25
42 20 41
42 21 52
42 26 59
42 28 22
42 29 26
42 30 40
42 32 16
42 35 32
42 38 55
42 39 43
42 40 79
42 41 76
42 46 47
42 48 1
43 3 1
43 8 24
43 15 70
43 16 32
43 17 73
43 20 36
43 23 35
43 25 11
43 27 78
43 31 59
43 32 70
43 33 59
43 34 3
43 37 72
43 41 11
43 44 37
43 46 10
43 49 79
44 1 60
44 4 16
44 5 80
44 6 26
44 8 11
44 9 80
44 11 11
44 14 48
44 15 17
44 16 8
44 19 12
44 22 24
44 25 76
44 27 2
44 30 53
44 32 76
44 36 42
44 37 32
44 38 27
44 39 51
44 41 58
44 43 37
44 45 24
44 46 34
44 47 61
44 49 72
45 1 8
45 2 72
45 3 51
45 5 42
45 10 62
45 15 64
45 16 64
45 17 58
45 18 65
45 23 58
45 24 15
45 28 48
45 30 4
45 31 33
45 32 34
45 33 61
45 37 28
45 38 33
45 39 7
45 40 73
45 41 1
45 44 24
45 47 65
46 3 47
46 4 44
46 6 49
46 10 15
46 15 48
46 17 38
46 18 53
46 19 70
46 23 51
46 24 9
46 25 57
46 26 67
46 28 6
46 32 14
46 35 67
46 36 48
46 37 56
46 40 59
46 41 15
46 42 47
46 43 10
46 44 34
47 1 54
47 2 9
47 3 35
47 4 14
47 5 38
47 8 59
47 10 46
47 14 69
47 15 80
47 17 68
47 20 60
47 21 32
47 25 27
47 26 40
47 27 39
47 28 29
47 29 73
47 31 35
47 32 2
47 33 29
47 34 68
47 36 25
47 37 53
47 39 15
47 44 61
47 45 65
47 48 35
48 3 41
48 5 29
48 6 65
48 8 59
48 9 4
48 10 70
48 12 4
48 13 41
48 14 73
48 15 60
48 20 21
48 21 48
48 22 70
48 23 19
48 27 3
48 31 66
48 33 27
48 38 9
48 39 68
48 42 1
48 47 35
48 49 47
1 t 21
6 t 8
7 t 9
10 t 30
13 t 15
14 t 66
15 t 60
18 t 22
21 t 6
24 t 40
29 t 17
31 t 51
32 t 28
33 t 65
34 t 44
35 t 40
37 t 1
38 t 22
39 t 15
40 t 44
41 t 64
43 t 79
44 t 72
48 t 47
