s 1 72
s 2 34
s 4 55
s 7 98
s 8 4
s 10 62
s 11 18
s 13 72
s 14 31
s 16 13
s 17 92
s 18 16
s 20 24
s 21 91
s 23 16
s 24 60
s 26 79
s 28 58
s 31 11
s 33 57
s 35 65
s 39 73
s 40 59
s 41 70
s 43 6
s 48 52
s 49 42
1 2 2
1 4 45
1 5 40
1 6 92
1 11 21
1 14 96
1 21 12
1 23 33
1 24 30
1 28 60
1 29 59
1 33 29
1 37 20
1 38 59
1 40 70
1 41 87
1 44 88
1 45 92
1 47 74
2 1 2
2 5 100
2 6 46
2 7 66
2 9 53
2 10 82
2 11 65
2 12 83
2 13 63
2 16 59
2 17 54
2 18 21
2 21 36
2 23 1
2 24 53
2 27 99
2 29 82
2 31 89
2 32 1
2 33 11
2 34 94
2 36 19
2 38 97
2 39 30
2 40 80
2 41 72
2 44 32
2 47 19
2 48 58
3 6 3
3 9 53
3 11 68
3 13 52
3 15 38
3 16 36
3 17 6
3 19 97
3 21 6
3 22 94
3 27 14
3 28 7
3 29 52
3 30 25
3 31 20
3 32 24
3 33 78
3 34 60
3 35 47
3 36 85
3 37 28
3 38 71
3 39 12
3 42 59
3 45 43
3 47 33
4 1 45
4 5 50
4 6 50
4 10 99
4 11 57
4 12 37
4 13 95
4 14 88
4 17 11
4 21 29
4 22 11
4 24 23
4 27 2
4 28 94
4 31 10
4 33 35
4 34 74
4 35 92
4 37 7
4 38 1
4 39 16
4 40 62
4 41 91
4 43 53
4 45 25
4 46 34
4 47 80
4 49 85
5 1 40
5 2 100
5 4 50
5 6 47
5 7 21
5 8 17
5 9 48
5 10 7
5 11 41
5 14 98
5 16 62
5 20 100
5 21 77
5 22 17
5 23 54
5 25 86
5 28 67
5 30 90
5 31 15
5 32 98
5 33 89
5 34 99
5 36 55
5 37 28
5 38 63
5 39 58
5 40 68
5 42 40
5 44 68
5 48 44
5 49 62
6 1 92
6 2 46
6 3 3
6 4 50
6 5 47
6 10 13
6 11 18
6 15 17
6 16 5
6 17 3
6 20 79
6 21 81
6 23 53
6 24 38
6 26 19
6 27 15
6 31 42
6 34 92
6 38 73
6 42 68
6 43 62
6 44 54
6 45 67
7 2 66
7 5 21
7 8 23
7 11 49
7 14 23
7 17 95
7 18 31
7 19 87
7 21 9
7 22 91
7 25 9
7 26 95
7 27 88
7 28 11
7 30 8
7 32 73
7 33 24
7 34 86
7 37 43
7 38 39
7 39 75
7 44 52
7 45 59
7 46 28
7 48 98
8 5 17
8 7 23
8 9 83
8 11 96
8 12 80
8 13 16
8 15 97
8 17 72
8 21 77
8 23 81
8 24 44
8 26 12
8 30 75
8 31 14
8 32 89
8 34 10
8 35 12
8 36 67
8 39 23
8 42 45
8 45 15
8 47 3
8 48 39
9 2 53
9 3 53
9 5 48
9 8 83
9 16 11
9 17 22
9 20 1
9 25 54
9 26 99
9 28 80
9 29 91
9 33 88
9 37 39
9 38 49
9 41 29
9 43 69
9 48 80
10 2 82
10 4 99
10 5 7
10 6 13
10 13 88
10 16 67
10 18 78
10 19 33
10 20 45
10 21 28
10 23 13
10 24 20
10 26 21
10 27 29
10 28 4
10 29 35
10 30 16
10 34 38
10 37 57
10 38 41
10 43 80
10 44 10
11 1 21
11 2 65
11 3 68
11 4 57
11 5 41
11 6 18
11 7 49
11 8 96
11 14 94
11 15 72
11 17 89
11 18 86
11 21 47
11 26 7
11 31 98
11 33 35
11 37 57
11 38 96
11 40 24
11 41 45
11 42 89
11 43 72
11 44 55
11 45 34
11 47 24
12 2 83
12 4 37
12 8 80
12 13 100
12 17 48
12 20 7
12 21 71
12 24 19
12 26 74
12 30 72
12 32 41
12 35 19
12 37 73
12 39 100
12 43 95
12 44 48
12 47 86
12 48 48
13 2 63
13 3 52
13 4 95
13 8 16
13 10 88
13 12 100
13 16 49
13 17 49
13 18 61
13 21 36
13 25 97
13 27 81
13 28 40
13 29 82
13 33 69
13 36 22
13 37 82
13 38 39
13 43 25
13 45 9
13 49 100
14 1 96
14 4 88
14 5 98
14 7 23
14 11 94
14 15 20
14 16 71
14 17 55
14 18 98
14 20 4
14 21 55
14 22 41
14 23 82
14 27 28
14 28 48
14 29 94
14 31 82
14 32 10
14 33 98
14 35 18
14 38 80
14 39 36
14 41 51
14 44 18
14 48 54
15 3 38
15 6 17
15 8 97
15 11 72
15 14 20
15 16 11
15 18 62
15 19 45
15 20 100
15 21 25
15 22 6
15 23 26
15 24 57
15 28 55
15 35 5
15 40 73
15 41 99
15 46 24
15 48 84
15 49 76
16 2 59
16 3 36
16 5 62
16 6 5
16 9 11
16 10 67
16 13 49
16 14 71
16 15 11
16 23 87
16 24 98
16 27 5
16 28 11
16 31 94
16 32 72
16 34 71
16 35 31
16 40 66
16 42 49
16 43 9
16 44 30
16 47 66
17 2 54
17 3 6
17 4 11
17 6 3
17 7 95
17 8 72
17 9 22
17 11 89
17 12 48
17 13 49
17 14 55
17 19 61
17 20 85
17 21 1
17 22 61
17 25 63
17 28 50
17 29 97
17 30 15
17 32 2
17 33 73
17 35 68
17 37 24
17 38 65
17 39 57
17 40 38
17 43 82
17 45 79
17 46 32
17 49 77
18 2 21
18 7 31
18 10 78
18 11 86
18 13 61
18 14 98
18 15 62
18 21 66
18 24 51
18 26 62
18 28 59
18 30 36
18 31 1
18 32 69
18 33 17
18 35 34
18 36 4
18 37 94
18 39 7
18 41 27
18 42 60
18 45 12
18 48 40
19 3 97
19 7 87
19 10 33
19 15 45
19 17 61
19 21 4
19 23 6
19 26 32
19 29 25
19 30 7
19 32 92
19 33 89
19 34 8
19 37 87
19 39 99
19 40 47
19 41 39
19 46 87
19 47 47
19 48 21
20 5 100
20 6 79
20 9 1
20 10 45
20 12 7
20 14 4
20 15 100
20 17 85
20 22 63
20 23 77
20 24 97
20 25 10
20 26 76
20 29 74
20 30 92
20 32 14
20 34 84
20 36 88
20 37 76
20 43 85
20 44 96
20 45 52
20 47 30
20 49 64
21 1 12
21 2 36
21 3 6
21 4 29
21 5 77
21 6 81
21 7 9
21 8 77
21 10 28
21 11 47
21 12 71
21 13 36
21 14 55
21 15 25
21 17 1
21 18 66
21 19 4
21 23 54
21 24 9
21 27 64
21 29 11
21 30 44
21 33 89
21 38 33
21 43 31
21 44 21
21 46 60
21 48 15
22 3 94
22 4 11
22 5 17
22 7 91
22 14 41
22 15 6
22 17 61
22 20 63
22 25 97
22 27 17
22 30 62
22 35 87
22 43 68
22 44 7
22 47 4
22 49 89
23 1 33
23 2 1
23 5 54
23 6 53
23 8 81
23 10 13
23 14 82
23 15 26
23 16 87
23 19 6
23 20 77
23 21 54
23 24 39
23 26 28
23 27 20
23 29 86
23 31 36
23 34 50
23 35 55
23 36 87
23 37 95
23 38 53
23 41 24
23 46 68
23 47 28
23 48 82
23 49 87
24 1 30
24 2 53
24 4 23
24 6 38
24 8 44
24 10 20
24 12 19
24 15 57
24 16 98
24 18 51
24 20 97
24 21 9
24 23 39
24 25 87
24 26 87
24 27 21
24 28 85
24 29 46
24 32 39
24 34 6
24 35 77
24 37 86
24 39 39
24 41 33
24 42 24
24 46 93
24 47 29
24 48 35
24 49 59
25 5 86
25 7 9
25 9 54
25 13 97
25 17 63
25 20 10
25 22 97
25 24 87
25 26 79
25 31 75
25 34 28
25 36 66
25 38 21
25 39 33
25 40 32
25 42 2
25 44 5
26 6 19
26 7 95
26 8 12
26 9 99
26 10 21
26 11 7
26 12 74
26 18 62
26 19 32
26 20 76
26 23 28
26 24 87
26 25 79
26 27 100
26 29 86
26 33 64
26 34 48
26 36 38
26 38 78
26 41 55
26 42 30
26 43 23
26 44 55
26 49 42
27 2 99
27 3 14
27 4 2
27 6 15
27 7 88
27 10 29
27 13 81
27 14 28
27 16 5
27 21 64
27 22 17
27 23 20
27 24 21
27 26 100
27 28 69
27 30 11
27 31 87
27 32 32
27 34 41
27 37 54
27 39 2
27 40 92
27 41 77
27 44 25
27 46 57
27 48 21
28 1 60
28 3 7
28 4 94
28 5 67
28 7 11
28 9 80
28 10 4
28 13 40
28 14 48
28 15 55
28 16 11
28 17 50
28 18 59
28 24 85
28 27 69
28 30 32
28 34 79
28 37 45
28 39 91
28 40 73
28 41 73
28 42 10
28 46 44
28 47 77
29 1 59
29 2 82
29 3 52
29 9 91
29 10 35
29 13 82
29 14 94
29 17 97
29 19 25
29 20 74
29 21 11
29 23 86
29 24 46
29 26 86
29 30 8
29 31 72
29 32 7
29 33 61
29 34 94
29 36 16
29 37 13
29 38 92
29 42 56
29 43 16
29 47 24
30 3 25
30 5 90
30 7 8
30 8 75
30 10 16
30 12 72
30 17 15
30 18 36
30 19 7
30 20 92
30 21 44
30 22 62
30 27 11
30 28 32
30 29 8
30 33 94
30 34 21
30 40 67
30 41 38
30 43 99
30 44 74
30 45 5
30 48 91
31 2 89
31 3 20
31 4 10
31 5 15
31 6 42
31 8 14
31 11 98
31 14 82
31 16 94
31 18 1
31 23 36
31 25 75
31 27 87
31 29 72
31 34 34
31 35 96
31 40 92
31 42 25
31 46 34
31 47 87
31 48 72
31 49 95
32 2 1
32 3 24
32 5 98
32 7 73
32 8 89
32 12 41
32 14 10
32 16 72
32 17 2
32 18 69
32 19 92
32 20 14
32 24 39
32 27 32
32 29 7
32 33 65
32 34 36
32 35 49
32 37 93
32 39 69
32 42 21
32 43 48
32 45 95
32 49 71
33 1 29
33 2 11
33 3 78
33 4 35
33 5 89
33 7 24
33 9 88
33 11 35
33 13 69
33 14 98
33 17 73
33 18 17
33 19 89
33 21 89
33 26 64
33 29 61
33 30 94
33 32 65
33 36 26
33 38 93
33 39 38
33 40 28
33 41 5
33 42 69
33 43 43
33 44 65
33 45 92
33 46 14
33 48 44
34 2 94
34 3 60
34 4 74
34 5 99
34 6 92
34 7 86
34 8 10
34 10 38
34 16 71
34 19 8
34 20 84
34 23 50
34 24 6
34 25 28
34 26 48
34 27 41
34 28 79
34 29 94
34 30 21
34 31 34
34 32 36
34 39 100
34 40 57
34 41 76
34 47 15
34 48 92
34 49 52
35 3 47
35 4 92
35 8 12
35 12 19
35 14 18
35 15 5
35 16 31
35 17 68
35 18 34
35 22 87
35 23 55
35 24 77
35 31 96
35 32 49
35 36 99
35 40 67
35 41 14
35 46 81
35 47 97
36 2 19
36 3 85
36 5 55
36 8 67
36 13 22
36 18 4
36 20 88
36 23 87
36 25 66
36 26 38
36 29 16
36 33 26
36 35 99
36 37 84
36 38 31
36 41 53
36 43 71
36 45 5
36 47 61
37 1 20
37 3 28
37 4 7
37 5 28
37 7 43
37 9 39
37 10 57
37 11 57
37 12 73
37 13 82
37 17 24
37 18 94
37 19 87
37 20 76
37 23 95
37 24 86
37 27 54
37 28 45
37 29 13
37 32 93
37 36 84
37 38 4
37 40 6
37 42 60
37 43 30
37 48 4
37 49 15
38 1 59
38 2 97
38 3 71
38 4 1
38 5 63
38 6 73
38 7 39
38 9 49
38 10 41
38 11 96
38 13 39
38 14 80
38 17 65
38 21 33
38 23 53
38 25 21
38 26 78
38 29 92
38 33 93
38 36 31
38 37 4
38 39 95
38 45 18
38 46 48
38 48 69
38 49 87
39 2 30
39 3 12
39 4 16
39 5 58
39 7 75
39 8 23
39 12 100
39 14 36
39 17 57
39 18 7
39 19 99
39 24 39
39 25 33
39 27 2
39 28 91
39 32 69
39 33 38
39 34 100
39 38 95
39 41 79
39 42 76
39 43 84
39 45 92
39 46 8
39 48 68
40 1 70
40 2 80
40 4 62
40 5 68
40 11 24
40 15 73
40 16 66
40 17 38
40 19 47
40 25 32
40 27 92
40 28 73
40 30 67
40 31 92
40 33 28
40 34 57
40 35 67
40 37 6
40 44 43
40 45 77
40 46 56
41 1 87
41 2 72
41 4 91
41 9 29
41 11 45
41 14 51
41 15 99
41 18 27
41 19 39
41 23 24
41 24 33
41 26 55
41 27 77
41 28 73
41 30 38
41 33 5
41 34 76
41 35 14
41 36 53
41 39 79
41 43 86
41 44 58
41 45 85
41 47 5
41 48 49
41 49 64
42 3 59
42 5 40
42 6 68
42 8 45
42 11 89
42 16 49
42 18 60
42 24 24
42 25 2
42 26 30
42 28 10
42 29 56
42 31 25
42 32 21
42 33 69
42 37 60
42 39 76
42 43 69
42 44 15
42 45 57
42 46 9
42 47 14
42 48 7
42 49 79
43 4 53
43 6 62
43 9 69
43 10 80
43 11 72
43 12 95
43 13 25
43 16 9
43 17 82
43 20 85
43 21 31
43 22 68
43 26 23
43 29 16
43 30 99
43 32 48
43 33 43
43 36 71
43 37 30
43 39 84
43 41 86
43 42 69
43 44 52
43 45 96
44 1 88
44 2 32
44 5 68
44 6 54
44 7 52
44 10 10
44 11 55
44 12 48
44 14 18
44 16 30
44 20 96
44 21 21
44 22 7
44 25 5
44 26 55
44 27 25
44 30 74
44 33 65
44 40 43
44 41 58
44 42 15
44 43 52
44 45 90
44 46 1
44 47 64
44 48 63
44 49 19
45 1 92
45 3 43
45 4 25
45 6 67
45 7 59
45 8 15
45 11 34
45 13 9
45 17 79
45 18 12
45 20 52
45 30 5
45 32 95
45 33 92
45 36 5
45 38 18
45 39 92
45 40 77
45 41 85
45 42 57
45 43 96
45 44 90
45 46 97
45 47 35
46 4 34
46 7 28
46 15 24
46 17 32
46 19 87
46 21 60
46 23 68
46 24 93
46 27 57
46 28 44
46 31 34
46 33 14
46 35 81
46 38 48
46 39 8
46 40 56
46 42 9
46 44 1
46 45 97
46 48 29
46 49 25
47 1 74
47 2 19
47 3 33
47 4 80
47 8 3
47 11 24
47 12 86
47 16 66
47 19 47
47 20 30
47 22 4
47 23 28
47 24 29
47 28 77
47 29 24
47 31 87
47 34 15
47 35 97
47 36 61
47 41 5
47 42 14
47 44 64
47 45 35
47 48 59
48 2 58
48 5 44
48 7 98
48 8 39
48 9 80
48 12 48
48 14 54
48 15 84
48 18 40
48 19 21
48 21 15
48 23 82
48 24 35
48 27 21
48 30 91
48 31 72
48 33 44
48 34 92
48 37 4
48 38 69
48 39 68
48 41 49
48 42 7
48 44 63
48 46 29
48 47 59
4 t 85
5 t 62
13 t 100
15 t 76
17 t 77
20 t 64
22 t 89
23 t 87
24 t 59
26 t 42
31 t 95
32 t 71
34 t 52
37 t 15
38 t 87
41 t 64
42 t 79
44 t 19
46 t 25
