s 3 6
s 6 9
s 7 8
s 10 9
s 17 10
s 23 2
s 26 5
s 27 7
s 28 6
s 29 10
s 33 4
s 36 8
s 37 1
s 40 6
s 41 9
s 42 6
s 43 9
s 44 8
s 46 1
s 49 3
1 7 8
1 11 9
1 14 10
1 17 4
1 19 9
1 20 10
1 23 3
1 24 2
1 27 6
1 29 4
1 30 7
1 35 1
1 36 7
1 39 9
1 40 7
1 43 2
1 49 10
2 7 5
2 9 6
2 11 7
2 14 9
2 17 9
2 19 4
2 20 2
2 21 5
2 23 8
2 24 3
2 25 5
2 29 9
2 40 2
2 43 1
2 44 2
2 48 4
3 6 8
3 8 9
3 13 2
3 19 1
3 22 1
3 24 2
3 27 9
3 28 5
3 33 8
3 36 1
3 39 10
3 43 8
3 45 1
3 49 7
4 5 8
4 9 1
4 10 7
4 14 2
4 15 1
4 20 5
4 23 4
4 25 3
4 26 4
4 29 4
4 30 4
4 32 8
4 36 6
4 40 2
4 42 4
4 47 9
5 4 8
5 6 7
5 8 2
5 11 10
5 12 2
5 13 7
5 16 5
5 21 3
5 23 2
5 24 2
5 26 3
5 28 6
5 32 3
5 35 9
5 37 5
5 39 5
5 43 5
5 44 10
5 45 2
5 47 10
5 49 3
6 3 8
6 5 7
6 7 1
6 11 8
6 14 8
6 19 1
6 30 1
6 32 2
6 33 10
6 38 2
6 39 3
6 41 4
6 42 3
6 44 1
6 45 9
6 47 7
6 49 4
7 1 8
7 2 5
7 6 1
7 9 8
7 10 5
7 17 8
7 19 3
7 20 6
7 21 1
7 22 7
7 26 5
7 31 10
7 35 7
7 38 10
7 40 9
7 42 5
7 45 5
7 47 5
7 48 10
7 49 7
8 3 9
8 5 2
8 11 4
8 12 9
8 15 6
8 16 9
8 20 2
8 21 7
8 26 5
8 27 9
8 28 10
8 30 6
8 33 7
8 34 8
8 36 6
8 37 9
8 39 10
8 41 2
8 44 8
8 46 9
8 47 10
9 2 6
9 4 1
9 7 8
9 12 1
9 15 5
9 19 8
9 21 4
9 22 7
9 26 7
9 30 6
9 35 9
9 36 1
9 37 2
9 39 9
9 40 4
9 41 1
9 42 6
9 43 1
10 4 7
10 7 5
10 13 2
10 14 8
10 18 8
10 19 6
10 20 10
10 22 2
10 26 8
10 28 3
10 31 10
10 33 1
10 34 8
10 35 1
10 37 5
10 39 4
10 45 7
10 47 1
11 1 9
11 2 7
11 5 10
11 6 8
11 8 4
11 13 8
11 14 1
11 15 9
11 16 2
11 18 5
11 19 9
11 20 10
11 22 1
11 23 3
11 24 7
11 26 2
11 27 7
11 29 5
11 30 6
11 31 9
11 33 1
11 34 10
11 37 9
11 42 10
11 43 9
11 46 9
12 5 2
12 8 9
12 9 1
12 13 8
12 14 7
12 15 2
12 16 3
12 22 8
12 23 7
12 25 6
12 27 9
12 30 1
12 33 5
12 35 6
12 38 9
12 40 6
12 41 5
12 42 1
12 43 6
12 44 10
12 46 5
12 48 1
13 3 2
13 5 7
13 10 2
13 11 8
13 12 8
13 14 5
13 15 2
13 17 10
13 18 10
13 28 10
13 29 3
13 32 8
13 33 2
13 35 5
13 37 3
13 39 3
13 41 7
13 43 5
13 47 6
13 48 7
13 49 5
14 1 10
14 2 9
14 4 2
14 6 8
14 10 8
14 11 1
14 12 7
14 13 5
14 15 9
14 17 2
14 18 3
14 19 1
14 21 9
14 23 1
14 24 9
14 27 3
14 28 1
14 32 10
14 34 2
14 37 2
14 39 2
14 40 10
14 43 4
14 44 2
14 45 7
15 4 1
15 8 6
15 9 5
15 11 9
15 12 2
15 13 2
15 14 9
15 17 2
15 18 6
15 19 8
15 21 2
15 22 8
15 24 2
15 26 7
15 27 6
15 28 9
15 29 10
15 30 3
15 44 2
15 46 2
15 49 9
16 5 5
16 8 9
16 11 2
16 12 3
16 17 6
16 19 10
16 21 4
16 22 7
16 24 1
16 25 5
16 26 4
16 28 5
16 32 5
16 33 2
16 37 8
16 44 5
16 47 1
17 1 4
17 2 9
17 7 8
17 13 10
17 14 2
17 15 2
17 16 6
17 19 7
17 20 4
17 23 2
17 24 3
17 25 5
17 28 4
17 30 10
17 31 6
17 33 3
17 34 5
17 35 3
17 37 4
17 38 7
17 40 6
17 43 1
17 44 4
17 45 2
17 46 4
18 10 8
18 11 5
18 13 10
18 14 3
18 15 6
18 19 1
18 22 8
18 23 1
18 27 6
18 28 2
18 30 9
18 31 8
18 32 8
18 33 1
18 34 4
18 41 9
19 1 9
19 2 4
19 3 1
19 6 1
19 7 3
19 9 8
19 10 6
19 11 9
19 14 1
19 15 8
19 16 10
19 17 7
19 18 1
19 21 6
19 31 3
19 33 10
19 34 2
19 35 4
19 36 9
19 37 3
19 41 5
19 42 9
19 45 1
19 46 9
20 1 10
20 2 2
20 4 5
20 7 6
20 8 2
20 10 10
20 11 10
20 17 4
20 21 5
20 27 5
20 30 7
20 38 9
20 39 1
20 41 2
20 42 2
20 43 10
20 44 5
20 48 5
20 49 6
21 2 5
21 5 3
21 7 1
21 8 7
21 9 4
21 14 9
21 15 2
21 16 4
21 19 6
21 20 5
21 25 9
21 27 1
21 28 6
21 29 7
21 35 10
21 37 1
21 39 4
21 41 8
21 47 8
21 49 3
22 3 1
22 7 7
22 9 7
22 10 2
22 11 1
22 12 8
22 15 8
22 16 7
22 18 8
22 26 4
22 29 8
22 30 6
22 31 1
22 33 7
22 35 10
22 37 8
22 38 2
22 39 3
22 40 10
22 41 5
22 45 2
22 46 2
22 49 9
23 1 3
23 2 8
23 4 4
23 5 2
23 11 3
23 12 7
23 14 1
23 17 2
23 18 1
23 24 2
23 25 3
23 27 1
23 28 9
23 34 9
23 36 9
23 37 6
23 44 1
23 46 8
24 1 2
24 2 3
24 3 2
24 5 2
24 11 7
24 14 9
24 15 2
24 16 1
24 17 3
24 23 2
24 25 1
24 27 5
24 28 3
24 30 1
24 35 10
24 39 7
24 44 8
24 47 3
24 48 9
24 49 5
25 2 5
25 4 3
25 12 6
25 16 5
25 17 5
25 21 9
25 23 3
25 24 1
25 28 5
25 29 10
25 30 4
25 33 10
25 37 6
25 41 9
25 47 7
25 48 7
26 4 4
26 5 3
26 7 5
26 8 5
26 9 7
26 10 8
26 11 2
26 15 7
26 16 4
26 22 4
26 27 9
26 29 8
26 30 10
26 37 8
26 38 3
26 39 9
26 40 4
26 44 2
26 46 8
26 47 8
27 1 6
27 3 9
27 8 9
27 11 7
27 12 9
27 14 3
27 15 6
27 18 6
27 20 5
27 21 1
27 23 1
27 24 5
27 26 9
27 28 9
27 30 1
27 38 10
27 48 1
28 3 5
28 5 6
28 8 10
28 10 3
28 13 10
28 14 1
28 15 9
28 16 5
28 17 4
28 18 2
28 21 6
28 23 9
28 24 3
28 25 5
28 27 9
28 33 7
28 46 1
28 49 1
29 1 4
29 2 9
29 4 4
29 11 5
29 13 3
29 15 10
29 21 7
29 22 8
29 25 10
29 26 8
29 32 7
29 34 9
29 35 9
29 37 2
29 38 7
29 39 3
29 45 4
29 47 4
29 48 4
30 1 7
30 4 4
30 6 1
30 8 6
30 9 6
30 11 6
30 12 1
30 15 3
30 17 10
30 18 9
30 20 7
30 22 6
30 24 1
30 25 4
30 26 10
30 27 1
30 31 5
30 34 9
30 35 5
30 37 4
30 38 2
30 42 2
30 46 3
30 47 9
30 48 7
31 7 10
31 10 10
31 11 9
31 17 6
31 18 8
31 19 3
31 22 1
31 30 5
31 32 10
31 37 7
31 39 5
31 41 9
31 42 6
32 4 8
32 5 3
32 6 2
32 13 8
32 14 10
32 16 5
32 18 8
32 29 7
32 31 10
32 33 5
32 34 4
32 39 9
32 42 7
32 44 8
32 46 5
32 49 5
33 3 8
33 6 10
33 8 7
33 10 1
33 11 1
33 12 5
33 13 2
33 16 2
33 17 3
33 18 1
33 19 10
33 22 7
33 25 10
33 28 7
33 32 5
33 35 5
33 36 1
33 38 3
33 39 9
33 41 4
33 45 8
33 48 7
34 8 8
34 10 8
34 11 10
34 14 2
34 17 5
34 18 4
34 19 2
34 23 9
34 29 9
34 30 9
34 32 4
34 36 9
34 41 5
34 42 10
34 43 10
34 46 9
34 49 3
35 1 1
35 5 9
35 7 7
35 9 9
35 10 1
35 12 6
35 13 5
35 17 3
35 19 4
35 21 10
35 22 10
35 24 10
35 29 9
35 30 5
35 33 5
35 36 4
35 38 3
35 39 7
35 40 1
35 43 3
36 1 7
36 3 1
36 4 6
36 8 6
36 9 1
36 19 9
36 23 9
36 33 1
36 34 9
36 35 4
36 37 10
36 38 10
36 39 9
36 43 5
36 44 4
36 47 10
36 49 8
37 5 5
37 8 9
37 9 2
37 10 5
37 11 9
37 13 3
37 14 2
37 16 8
37 17 4
37 19 3
37 21 1
37 22 8
37 23 6
37 25 6
37 26 8
37 29 2
37 30 4
37 31 7
37 36 10
37 38 6
37 39 7
37 42 3
37 43 4
37 48 10
38 6 2
38 7 10
38 12 9
38 17 7
38 20 9
38 22 2
38 26 3
38 27 10
38 29 7
38 30 2
38 33 3
38 35 3
38 36 10
38 37 6
38 39 7
38 42 6
38 43 6
38 44 1
39 1 9
39 3 10
39 5 5
39 6 3
39 8 10
39 9 9
39 10 4
39 13 3
39 14 2
39 20 1
39 21 4
39 22 3
39 24 7
39 26 9
39 29 3
39 31 5
39 32 9
39 33 9
39 35 7
39 36 9
39 37 7
39 38 7
39 40 9
39 41 1
39 42 7
39 46 6
40 1 7
40 2 2
40 4 2
40 7 9
40 9 4
40 12 6
40 14 10
40 17 6
40 22 10
40 26 4
40 35 1
40 39 9
40 43 1
40 46 5
41 6 4
41 8 2
41 9 1
41 12 5
41 13 7
41 18 9
41 19 5
41 20 2
41 21 8
41 22 5
41 25 9
41 31 9
41 33 4
41 34 5
41 39 1
41 42 4
41 43 3
41 47 8
41 48 3
41 49 2
42 4 4
42 6 3
42 7 5
42 9 6
42 11 10
42 12 1
42 19 9
42 20 2
42 30 2
42 31 6
42 32 7
42 34 10
42 37 3
42 38 6
42 39 7
42 41 4
42 44 8
42 46 6
43 1 2
43 2 1
43 3 8
43 5 5
43 9 1
43 11 9
43 12 6
43 13 5
43 14 4
43 17 1
43 20 10
43 34 10
43 35 3
43 36 5
43 37 4
43 38 6
43 40 1
43 41 3
43 44 5
43 45 9
43 46 5
43 47 9
43 48 6
44 2 2
44 5 10
44 6 1
44 8 8
44 12 10
44 14 2
44 15 2
44 16 5
44 17 4
44 20 5
44 23 1
44 24 8
44 26 2
44 32 8
44 36 4
44 38 1
44 42 8
44 43 5
44 48 4
45 3 1
45 5 2
45 6 9
45 7 5
45 10 7
45 14 7
45 17 2
45 19 1
45 22 2
45 29 4
45 33 8
45 43 9
46 8 9
46 11 9
46 12 5
46 15 2
46 17 4
46 19 9
46 22 2
46 23 8
46 26 8
46 28 1
46 30 3
46 32 5
46 34 9
46 39 6
46 40 5
46 42 6
46 43 5
46 48 1
47 4 9
47 5 10
47 6 7
47 7 5
47 8 10
47 10 1
47 13 6
47 16 1
47 21 8
47 24 3
47 25 7
47 26 8
47 29 4
47 30 9
47 36 10
47 41 8
47 43 9
47 48 4
47 49 1
48 2 4
48 7 10
48 12 1
48 13 7
48 20 5
48 24 9
48 25 7
48 27 1
48 29 4
48 30 7
48 33 7
48 37 10
48 41 3
48 43 6
48 44 4
48 46 1
48 47 4
48 49 1
1 t 10
3 t 7
5 t 3
6 t 4
7 t 7
13 t 5
15 t 9
20 t 6
21 t 3
22 t 9
24 t 5
28 t 1
32 t 5
34 t 3
36 t 8
41 t 2
47 t 1
48 t 1
