s 1 5
s 3 2
s 4 5
s 9 3
s 10 1
s 11 1
s 12 3
s 13 6
s 14 5
s 15 1
s 16 4
s 19 4
s 20 6
s 21 4
s 22 4
s 23 8
s 26 8
s 27 8
s 28 10
s 30 5
s 32 1
s 33 7
s 34 5
s 37 1
s 46 8
s 47 10
s 49 9
s 52 2
s 54 2
s 55 8
s 57 9
s 58 7
1 3 5
1 4 5
1 10 10
1 11 8
1 12 5
1 15 9
1 16 7
1 17 1
1 18 1
1 19 10
1 21 6
1 23 3
1 26 3
1 30 8
1 31 2
1 32 5
1 35 8
1 36 1
1 37 4
1 41 2
1 42 9
1 44 1
1 45 8
1 46 1
1 47 3
1 51 10
1 53 7
1 54 10
1 57 3
1 58 3
1 59 4
2 3 1
2 5 10
2 6 3
2 7 8
2 14 5
2 15 9
2 19 5
2 22 7
2 25 7
2 26 4
2 28 5
2 29 1
2 30 5
2 32 4
2 33 6
2 34 9
2 35 7
2 36 9
2 37 10
2 38 1
2 39 10
2 41 9
2 43 2
2 44 3
2 46 10
2 47 7
2 48 7
2 50 5
2 52 6
2 53 9
2 54 6
2 55 9
2 56 1
2 57 4
2 58 4
2 59 8
3 1 5
3 2 1
3 4 8
3 5 5
3 6 8
3 8 4
3 9 1
3 10 5
3 13 3
3 14 10
3 19 2
3 20 10
3 21 8
3 23 1
3 25 3
3 27 5
3 28 5
3 29 7
3 31 1
3 32 1
3 34 8
3 35 10
3 40 4
3 42 5
3 45 5
3 47 6
3 48 5
3 49 3
3 50 9
3 51 2
3 53 8
3 55 9
3 57 9
3 59 4
4 1 5
4 3 8
4 5 10
4 6 10
4 7 10
4 11 1
4 12 8
4 17 4
4 18 8
4 19 5
4 22 6
4 24 8
4 27 6
4 31 8
4 32 2
4 37 7
4 39 6
4 43 10
4 46 8
4 47 2
4 51 3
4 53 8
4 54 6
4 56 7
4 57 9
4 59 4
5 2 10
5 3 5
5 4 10
5 7 8
5 8 6
5 9 3
5 10 6
5 11 3
5 15 3
5 16 4
5 17 2
5 18 1
5 19 5
5 20 6
5 21 6
5 22 3
5 25 7
5 29 7
5 31 2
5 33 2
5 34 10
5 39 4
5 43 7
5 44 3
5 46 8
5 48 7
5 49 3
5 55 5
5 56 4
5 57 4
5 58 1
5 59 8
6 2 3
6 3 8
6 4 10
6 7 7
6 8 6
6 12 7
6 13 2
6 14 10
6 19 5
6 20 7
6 22 9
6 24 5
6 25 2
6 26 3
6 27 5
6 28 1
6 30 3
6 31 8
6 32 8
6 33 3
6 35 3
6 38 4
6 46 10
6 48 6
6 49 2
6 54 6
6 55 8
6 59 2
7 2 8
7 4 10
7 5 8
7 6 7
7 8 4
7 9 6
7 12 7
7 14 6
7 21 9
7 22 5
7 28 5
7 30 4
7 33 6
7 35 10
7 36 3
7 38 10
7 39 4
7 40 6
7 43 6
7 44 1
7 45 2
7 46 2
7 48 5
7 49 7
7 51 8
7 52 8
7 56 1
7 58 10
7 59 5
8 3 4
8 5 6
8 6 6
8 7 4
8 11 4
8 12 8
8 13 7
8 14 5
8 17 10
8 19 2
8 21 2
8 24 3
8 27 7
8 29 5
8 32 10
8 33 3
8 41 5
8 43 8
8 46 8
8 48 4
8 49 10
8 50 10
8 55 10
8 56 7
9 3 1
9 5 3
9 7 6
9 10 8
9 11 5
9 12 7
9 14 6
9 18 6
9 20 10
9 23 7
9 24 6
9 26 3
9 27 6
9 28 9
9 29 9
9 36 4
9 37 10
9 43 1
9 45 6
9 49 1
9 51 9
9 53 2
9 54 5
9 55 8
10 1 10
10 3 5
10 5 6
10 9 8
10 13 5
10 15 8
10 18 7
10 21 10
10 23 7
10 24 3
10 25 3
10 26 7
10 29 3
10 32 1
10 34 6
10 35 6
10 36 6
10 38 3
10 40 3
10 43 8
10 44 1
10 45 4
10 46 5
10 52 6
10 53 8
10 55 10
10 57 8
10 58 8
11 1 8
11 4 1
11 5 3
11 8 4
11 9 5
11 15 9
11 16 4
11 19 1
11 21 8
11 22 4
11 25 5
11 27 4
11 28 5
11 30 3
11 32 3
11 35 9
11 36 2
11 41 4
11 43 3
11 45 10
11 46 2
11 48 10
11 50 9
11 51 4
11 53 1
11 56 4
12 1 5
12 4 8
12 6 7
12 7 7
12 8 8
12 9 7
12 14 10
12 19 5
12 20 3
12 21 5
12 23 7
12 25 5
12 26 8
12 28 9
12 29 9
12 35 2
12 41 1
12 44 4
12 45 3
12 46 6
12 48 4
12 49 1
12 51 4
12 52 8
12 53 6
12 57 9
12 59 2
13 3 3
13 6 2
13 8 7
13 10 5
13 15 9
13 17 10
13 19 9
13 20 1
13 24 2
13 26 10
13 29 3
13 30 2
13 31 2
13 32 2
13 37 7
13 39 3
13 40 4
13 45 3
13 48 9
13 51 9
13 52 5
13 54 7
13 55 3
13 56 7
13 57 1
13 59 9
14 2 5
14 3 10
14 6 10
14 7 6
14 8 5
14 9 6
14 12 10
14 19 8
14 23 6
14 24 3
14 25 7
14 26 10
14 28 3
14 30 4
14 34 2
14 36 5
14 37 5
14 40 10
14 41 7
14 44 4
14 45 6
14 47 10
14 50 5
14 52 8
14 53 3
14 55 10
14 56 6
14 57 10
14 58 6
15 1 9
15 2 9
15 5 3
15 10 8
15 11 9
15 13 9
15 16 2
15 17 8
15 20 2
15 24 1
15 33 9
15 34 1
15 36 6
15 37 3
15 39 2
15 40 8
15 45 5
15 49 8
15 51 5
15 53 8
15 54 7
15 56 2
15 57 8
15 59 7
16 1 7
16 5 4
16 11 4
16 15 2
16 17 5
16 18 9
16 24 8
16 25 8
16 27 2
16 29 5
16 35 10
16 36 7
16 38 9
16 42 4
16 43 2
16 45 6
16 48 5
16 49 7
16 52 4
16 55 3
17 1 1
17 4 4
17 5 2
17 8 10
17 13 10
17 15 8
17 16 5
17 18 1
17 19 10
17 22 7
17 26 5
17 27 8
17 28 6
17 29 7
17 30 2
17 31 7
17 35 8
17 37 5
17 40 9
17 44 4
17 47 3
17 48 8
17 50 7
17 51 8
17 52 2
17 54 9
17 55 9
17 58 7
18 1 1
18 4 8
18 5 1
18 9 6
18 10 7
18 16 9
18 17 1
18 19 9
18 21 7
18 22 5
18 26 7
18 28 1
18 29 4
18 30 3
18 32 2
18 36 4
18 39 5
18 40 9
18 44 7
18 45 9
18 47 4
18 48 10
18 50 3
18 52 3
18 53 2
18 54 6
18 55 8
18 56 3
18 57 7
18 59 3
19 1 10
19 2 5
19 3 2
19 4 5
19 5 5
19 6 5
19 8 2
19 11 1
19 12 5
19 13 9
19 14 8
19 17 10
19 18 9
19 25 6
19 27 4
19 30 3
19 31 7
19 35 7
19 36 8
19 37 8
19 40 10
19 41 4
19 42 4
19 45 1
19 47 4
19 48 10
19 49 5
19 52 10
19 53 1
19 54 4
19 56 3
19 58 2
19 59 9
20 3 10
20 5 6
20 6 7
20 9 10
20 12 3
20 13 1
20 15 2
20 21 9
20 23 10
20 26 3
20 27 1
20 29 10
20 30 1
20 31 3
20 32 5
20 35 5
20 38 9
20 40 1
20 42 7
20 43 10
20 47 3
20 48 5
20 49 7
20 51 8
20 52 3
20 53 5
20 58 10
20 59 8
21 1 6
21 3 8
21 5 6
21 7 9
21 8 2
21 10 10
21 11 8
21 12 5
21 18 7
21 20 9
21 23 3
21 26 4
21 27 7
21 31 4
21 35 3
21 39 7
21 47 7
21 48 1
21 49 6
21 54 1
21 56 7
21 57 5
21 58 1
21 59 2
22 2 7
22 4 6
22 5 3
22 6 9
22 7 5
22 11 4
22 17 7
22 18 5
22 23 2
22 25 9
22 26 4
22 27 4
22 28 6
22 31 9
22 32 10
22 33 9
22 34 1
22 35 6
22 36 5
22 37 8
22 38 5
22 41 10
22 42 7
22 44 9
22 47 7
22 48 3
22 49 1
22 52 5
22 57 8
22 59 9
23 1 3
23 3 1
23 9 7
23 10 7
23 12 7
23 14 6
23 20 10
23 21 3
23 22 2
23 25 4
23 27 2
23 32 7
23 37 6
23 41 2
23 42 2
23 44 10
23 45 6
23 46 7
23 49 3
23 50 9
23 51 4
23 53 5
23 59 10
24 4 8
24 6 5
24 8 3
24 9 6
24 10 3
24 13 2
24 14 3
24 15 1
24 16 8
24 27 9
24 29 9
24 34 2
24 35 5
24 38 4
24 39 4
24 41 9
24 42 7
24 43 1
24 44 9
24 45 8
24 47 2
24 48 9
24 51 1
24 52 2
24 53 7
24 59 1
25 2 7
25 3 3
25 5 7
25 6 2
25 10 3
25 11 5
25 12 5
25 14 7
25 16 8
25 19 6
25 22 9
25 23 4
25 30 5
25 31 8
25 37 9
25 42 9
25 45 6
25 46 9
25 48 7
25 50 7
25 52 5
25 54 6
25 55 6
25 56 4
25 58 8
25 59 8
26 1 3
26 2 4
26 6 3
26 9 3
26 10 7
26 12 8
26 13 10
26 14 10
26 17 5
26 18 7
26 20 3
26 21 4
26 22 4
26 28 10
26 29 1
26 34 7
26 36 3
26 38 6
26 39 9
26 40 5
26 42 9
26 44 2
26 46 2
26 47 4
26 48 8
26 55 5
26 56 2
26 58 8
26 59 7
27 3 5
27 4 6
27 6 5
27 8 7
27 9 6
27 11 4
27 16 2
27 17 8
27 19 4
27 20 1
27 21 7
27 22 4
27 23 2
27 24 9
27 30 6
27 32 8
27 33 6
27 34 3
27 37 2
27 40 2
27 43 7
27 46 8
27 48 10
27 50 8
27 52 1
27 53 5
27 57 9
27 59 9
28 2 5
28 3 5
28 6 1
28 7 5
28 9 9
28 11 5
28 12 9
28 14 3
28 17 6
28 18 1
28 22 6
28 26 10
28 29 3
28 30 4
28 31 1
28 33 8
28 36 5
28 38 5
28 44 2
28 45 1
28 49 10
28 55 10
28 59 4
29 2 1
29 3 7
29 5 7
29 8 5
29 9 9
29 10 3
29 12 9
29 13 3
29 16 5
29 17 7
29 18 4
29 20 10
29 24 9
29 26 1
29 28 3
29 32 10
29 33 3
29 34 10
29 36 4
29 37 6
29 38 2
29 39 9
29 41 6
29 44 4
29 47 1
29 52 2
29 53 10
29 54 8
29 55 3
29 56 3
29 58 6
30 1 8
30 2 5
30 6 3
30 7 4
30 11 3
30 13 2
30 14 4
30 17 2
30 18 3
30 19 3
30 20 1
30 25 5
30 27 6
30 28 4
30 32 4
30 36 9
30 37 5
30 38 8
30 39 7
30 40 8
30 44 1
30 46 5
30 47 3
30 48 2
30 49 1
30 55 10
30 56 10
30 57 4
30 58 3
31 1 2
31 3 1
31 4 8
31 5 2
31 6 8
31 13 2
31 17 7
31 19 7
31 20 3
31 21 4
31 22 9
31 25 8
31 28 1
31 33 8
31 35 7
31 39 2
31 41 3
31 42 2
31 44 9
31 46 9
31 47 9
31 51 2
31 54 2
31 55 7
31 56 3
31 57 6
31 58 1
32 1 5
32 2 4
32 3 1
32 4 2
32 6 8
32 8 10
32 10 1
32 11 3
32 13 2
32 18 2
32 20 5
32 22 10
32 23 7
32 27 8
32 29 10
32 30 4
32 33 5
32 34 7
32 37 3
32 39 4
32 43 6
32 46 1
32 49 10
32 52 9
32 53 6
32 55 10
32 58 7
33 2 6
33 5 2
33 6 3
33 7 6
33 8 3
33 15 9
33 22 9
33 27 6
33 28 8
33 29 3
33 31 8
33 32 5
33 34 10
33 35 4
33 36 4
33 37 7
33 39 5
33 41 10
33 42 1
33 45 5
33 51 8
33 52 6
33 55 3
33 57 7
33 58 6
34 2 9
34 3 8
34 5 10
34 10 6
34 14 2
34 15 1
34 22 1
34 24 2
34 26 7
34 27 3
34 29 10
34 32 7
34 33 10
34 35 1
34 36 2
34 37 10
34 38 10
34 40 6
34 41 10
34 42 8
34 43 5
34 44 10
34 47 7
34 49 9
34 50 4
34 53 10
34 59 6
35 1 8
35 2 7
35 3 10
35 6 3
35 7 10
35 10 6
35 11 9
35 12 2
35 16 10
35 17 8
35 19 7
35 20 5
35 21 3
35 22 6
35 24 5
35 31 7
35 33 4
35 34 1
35 37 3
35 38 6
35 39 6
35 41 5
35 43 1
35 44 10
35 45 3
35 46 10
35 50 6
35 53 6
35 54 3
35 55 4
35 57 8
36 1 1
36 2 9
36 7 3
36 9 4
36 10 6
36 11 2
36 14 5
36 15 6
36 16 7
36 18 4
36 19 8
36 22 5
36 26 3
36 28 5
36 29 4
36 30 9
36 33 4
36 34 2
36 38 9
36 39 1
36 41 7
36 42 10
36 44 9
36 46 9
36 47 2
36 48 4
36 51 8
36 52 7
36 57 9
36 59 7
37 1 4
37 2 10
37 4 7
37 9 10
37 13 7
37 14 5
37 15 3
37 17 5
37 19 8
37 22 8
37 23 6
37 25 9
37 27 2
37 29 6
37 30 5
37 32 3
37 33 7
37 34 10
37 35 3
37 38 8
37 39 5
37 44 3
37 46 9
37 51 7
37 52 9
37 53 9
37 54 4
37 56 6
38 2 1
38 6 4
38 7 10
38 10 3
38 16 9
38 20 9
38 22 5
38 24 4
38 26 6
38 28 5
38 29 2
38 30 8
38 34 10
38 35 6
38 36 9
38 37 8
38 40 5
38 47 3
38 49 10
38 51 5
38 52 9
38 57 4
38 59 2
39 2 10
39 4 6
39 5 4
39 7 4
39 13 3
39 15 2
39 18 5
39 21 7
39 24 4
39 26 9
39 29 9
39 30 7
39 31 2
39 32 4
39 33 5
39 35 6
39 36 1
39 37 5
39 40 2
39 42 3
39 43 1
39 44 1
39 46 7
39 47 1
39 49 4
39 50 6
39 51 8
39 52 9
39 55 2
40 3 4
40 7 6
40 10 3
40 13 4
40 14 10
40 15 8
40 17 9
40 18 9
40 19 10
40 20 1
40 26 5
40 27 2
40 30 8
40 34 6
40 38 5
40 39 2
40 41 7
40 42 9
40 43 1
40 44 2
40 49 3
40 52 3
40 53 10
40 57 7
40 58 4
41 1 2
41 2 9
41 8 5
41 11 4
41 12 1
41 14 7
41 19 4
41 22 10
41 23 2
41 24 9
41 29 6
41 31 3
41 33 10
41 34 10
41 35 5
41 36 7
41 40 7
41 44 4
41 45 6
41 49 1
41 50 1
41 53 10
41 54 6
41 55 7
41 57 10
41 58 2
41 59 4
42 1 9
42 3 5
42 16 4
42 19 4
42 20 7
42 22 7
42 23 2
42 24 7
42 25 9
42 26 9
42 31 2
42 33 1
42 34 8
42 36 10
42 39 3
42 40 9
42 43 4
42 44 5
42 46 5
42 49 8
42 51 5
42 53 6
42 54 9
43 2 2
43 4 10
43 5 7
43 7 6
43 8 8
43 9 1
43 10 8
43 11 3
43 16 2
43 20 10
43 24 1
43 27 7
43 32 6
43 34 5
43 35 1
43 39 1
43 40 1
43 42 4
43 45 8
43 46 7
43 47 5
43 48 5
43 49 6
43 53 2
43 54 9
43 58 5
43 59 6
44 1 1
44 2 3
44 5 3
44 7 1
44 10 1
44 12 4
44 14 4
44 17 4
44 18 7
44 22 9
44 23 10
44 24 9
44 26 2
44 28 2
44 29 4
44 30 1
44 31 9
44 34 10
44 35 10
44 36 9
44 37 3
44 39 1
44 40 2
44 41 4
44 42 5
44 45 2
44 46 3
44 49 7
44 50 1
44 53 5
44 54 8
44 59 1
45 1 8
45 3 5
45 7 2
45 9 6
45 10 4
45 11 10
45 12 3
45 13 3
45 14 6
45 15 5
45 16 6
45 18 9
45 19 1
45 23 6
45 24 8
45 25 6
45 28 1
45 33 5
45 35 3
45 41 6
45 43 8
45 44 2
45 51 8
45 52 6
45 53 5
45 54 7
45 56 7
45 57 1
45 58 4
45 59 4
46 1 1
46 2 10
46 4 8
46 5 8
46 6 10
46 7 2
46 8 8
46 10 5
46 11 2
46 12 6
46 23 7
46 25 9
46 26 2
46 27 8
46 30 5
46 31 9
46 32 1
46 35 10
46 36 9
46 37 9
46 39 7
46 42 5
46 43 7
46 44 3
46 47 4
46 48 7
46 49 4
46 50 6
46 53 5
46 57 9
47 1 3
47 2 7
47 3 6
47 4 2
47 14 10
47 17 3
47 18 4
47 19 4
47 20 3
47 21 7
47 22 7
47 24 2
47 26 4
47 29 1
47 30 3
47 31 9
47 34 7
47 36 2
47 38 3
47 39 1
47 43 5
47 46 4
47 48 1
47 49 4
47 50 7
47 51 7
47 54 9
47 56 3
47 57 1
47 58 4
48 2 7
48 3 5
48 5 7
48 6 6
48 7 5
48 8 4
48 11 10
48 12 4
48 13 9
48 16 5
48 17 8
48 18 10
48 19 10
48 20 5
48 21 1
48 22 3
48 24 9
48 25 7
48 26 8
48 27 10
48 30 2
48 36 4
48 43 5
48 46 7
48 47 1
48 50 6
48 51 4
48 54 1
48 56 2
48 57 3
49 3 3
49 5 3
49 6 2
49 7 7
49 8 10
49 9 1
49 12 1
49 15 8
49 16 7
49 19 5
49 20 7
49 21 6
49 22 1
49 23 3
49 28 10
49 30 1
49 32 10
49 34 9
49 38 10
49 39 4
49 40 3
49 41 1
49 42 8
49 43 6
49 44 7
49 46 4
49 47 4
49 53 10
49 54 10
49 55 7
49 56 7
49 58 7
49 59 6
50 2 5
50 3 9
50 8 10
50 11 9
50 14 5
50 17 7
50 18 3
50 23 9
50 25 7
50 27 8
50 34 4
50 35 6
50 39 6
50 41 1
50 44 1
50 46 6
50 47 7
50 48 6
50 59 9
51 1 10
51 3 2
51 4 3
51 7 8
51 9 9
51 11 4
51 12 4
51 13 9
51 15 5
51 17 8
51 20 8
51 23 4
51 24 1
51 31 2
51 33 8
51 36 8
51 37 7
51 38 5
51 39 8
51 42 5
51 45 8
51 47 7
51 48 4
51 52 9
51 53 6
51 55 8
51 57 10
51 58 1
51 59 2
52 2 6
52 7 8
52 10 6
52 12 8
52 13 5
52 14 8
52 16 4
52 17 2
52 18 3
52 19 10
52 20 3
52 22 5
52 24 2
52 25 5
52 27 1
52 29 2
52 32 9
52 33 6
52 36 7
52 37 9
52 38 9
52 39 9
52 40 3
52 45 6
52 51 9
52 56 9
52 57 5
52 59 7
53 1 7
53 2 9
53 3 8
53 4 8
53 9 2
53 10 8
53 11 1
53 12 6
53 14 3
53 15 8
53 18 2
53 19 1
53 20 5
53 23 5
53 24 7
53 27 5
53 29 10
53 32 6
53 34 10
53 35 6
53 37 9
53 40 10
53 41 10
53 42 6
53 43 2
53 44 5
53 45 5
53 46 5
53 49 10
53 51 6
53 54 1
53 55 2
53 57 1
53 59 9
54 1 10
54 2 6
54 4 6
54 6 6
54 9 5
54 13 7
54 15 7
54 17 9
54 18 6
54 19 4
54 21 1
54 25 6
54 29 8
54 31 2
54 35 3
54 37 4
54 41 6
54 42 9
54 43 9
54 44 8
54 45 7
54 47 9
54 48 1
54 49 10
54 53 1
54 58 9
54 59 5
55 2 9
55 3 9
55 5 5
55 6 8
55 8 10
55 9 8
55 10 10
55 13 3
55 14 10
55 16 3
55 17 9
55 18 8
55 25 6
55 26 5
55 28 10
55 29 3
55 30 10
55 31 7
55 32 10
55 33 3
55 35 4
55 39 2
55 41 7
55 49 7
55 51 8
55 53 2
56 2 1
56 4 7
56 5 4
56 7 1
56 8 7
56 11 4
56 13 7
56 14 6
56 15 2
56 18 3
56 19 3
56 21 7
56 25 4
56 26 2
56 29 3
56 30 10
56 31 3
56 37 6
56 45 7
56 47 3
56 48 2
56 49 7
56 52 9
56 57 2
57 1 3
57 2 4
57 3 9
57 4 9
57 5 4
57 10 8
57 12 9
57 13 1
57 14 10
57 15 8
57 18 7
57 21 5
57 22 8
57 27 9
57 30 4
57 31 6
57 33 7
57 35 8
57 36 9
57 38 4
57 40 7
57 41 10
57 45 1
57 46 9
57 47 1
57 48 3
57 51 10
57 52 5
57 53 1
57 56 2
57 58 9
57 59 1
58 1 3
58 2 4
58 5 1
58 7 10
58 10 8
58 14 6
58 17 7
58 19 2
58 20 10
58 21 1
58 25 8
58 26 8
58 29 6
58 30 3
58 31 1
58 32 7
58 33 6
58 40 4
58 41 2
58 43 5
58 45 4
58 47 4
58 49 7
58 51 1
58 54 9
58 57 9
58 59 9
1 t 4
2 t 8
3 t 4
4 t 4
5 t 8
6 t 2
7 t 5
12 t 2
13 t 9
15 t 7
18 t 3
19 t 9
20 t 8
21 t 2
22 t 9
23 t 10
24 t 1
25 t 8
26 t 7
27 t 9
28 t 4
34 t 6
36 t 7
38 t 2
41 t 4
43 t 6
44 t 1
45 t 4
49 t 6
50 t 9
51 t 2
52 t 7
53 t 9
54 t 5
57 t 1
58 t 9
