s 1 6
s 2 8
s 3 10
s 5 3
s 7 9
s 9 6
s 10 5
s 13 8
s 16 8
s 18 8
s 20 4
s 22 9
s 26 5
s 27 2
s 28 4
s 30 8
s 31 8
s 32 10
s 33 9
s 35 10
s 36 7
s 37 8
s 41 5
s 42 9
s 44 10
s 47 6
s 48 5
s 49 6
s 53 4
s 56 9
s 58 7
s 60 6
s 61 3
s 62 6
s 69 1
1 4 10
1 5 6
1 8 10
1 9 5
1 10 4
1 11 3
1 12 4
1 14 6
1 17 7
1 18 10
1 19 3
1 20 4
1 21 8
1 22 9
1 23 1
1 24 9
1 26 5
1 30 5
1 31 4
1 34 3
1 35 3
1 37 7
1 38 3
1 39 10
1 40 1
1 41 4
1 42 5
1 45 6
1 47 8
1 48 3
1 49 7
1 50 7
1 52 5
1 54 8
1 57 5
1 58 2
1 62 3
1 63 3
1 68 7
2 6 1
2 7 4
2 10 6
2 11 10
2 13 6
2 17 6
2 18 10
2 19 9
2 20 5
2 21 8
2 23 4
2 24 2
2 25 8
2 26 9
2 27 1
2 28 2
2 32 3
2 33 1
2 35 2
2 36 7
2 37 4
2 41 8
2 42 7
2 43 1
2 46 5
2 48 9
2 49 7
2 51 6
2 54 5
2 59 3
2 60 1
2 61 10
2 64 4
2 67 8
3 5 4
3 6 4
3 8 7
3 12 7
3 13 4
3 14 3
3 17 10
3 20 4
3 24 7
3 25 1
3 27 8
3 29 1
3 30 7
3 32 10
3 34 4
3 35 6
3 38 1
3 40 8
3 43 5
3 44 10
3 49 4
3 51 10
3 52 8
3 53 7
3 54 10
3 57 3
3 60 9
3 62 3
3 63 5
3 64 10
3 66 3
3 68 5
4 1 10
4 5 7
4 6 7
4 9 3
4 10 7
4 13 1
4 14 10
4 19 7
4 20 1
4 23 3
4 24 1
4 25 4
4 31 6
4 32 1
4 34 2
4 36 5
4 37 6
4 38 7
4 40 5
4 41 1
4 42 2
4 44 5
4 45 1
4 46 10
4 47 6
4 48 10
4 49 1
4 50 5
4 51 2
4 53 8
4 55 7
4 57 7
4 59 1
4 64 7
4 68 7
4 69 10
5 1 6
5 3 4
5 4 7
5 6 3
5 10 3
5 11 1
5 12 9
5 13 6
5 14 2
5 15 9
5 16 8
5 17 4
5 19 7
5 21 6
5 26 3
5 29 1
5 30 5
5 32 1
5 37 2
5 38 4
5 40 2
5 41 7
5 45 3
5 49 1
5 52 6
5 54 3
5 56 1
5 60 6
5 61 3
5 63 3
5 64 6
5 65 8
5 66 2
5 69 3
6 2 1
6 3 4
6 4 7
6 5 3
6 7 4
6 8 4
6 9 3
6 10 9
6 12 9
6 13 6
6 15 3
6 16 6
6 17 8
6 21 7
6 23 7
6 24 3
6 27 3
6 29 6
6 31 9
6 32 5
6 33 1
6 34 9
6 38 5
6 39 5
6 40 4
6 41 2
6 44 10
6 45 3
6 48 5
6 49 7
6 51 1
6 53 10
6 55 2
6 56 10
6 59 6
6 61 8
6 65 10
6 67 1
6 69 10
7 2 4
7 6 4
7 9 9
7 14 8
7 16 6
7 17 6
7 21 1
7 23 9
7 24 3
7 25 2
7 28 8
7 29 3
7 31 7
7 32 10
7 35 8
7 39 7
7 40 9
7 42 3
7 45 5
7 49 1
7 53 5
7 54 5
7 56 7
7 57 10
7 59 2
7 60 3
7 64 3
7 65 3
7 67 10
7 69 8
8 1 10
8 3 7
8 6 4
8 9 7
8 10 1
8 11 10
8 15 2
8 16 10
8 17 6
8 21 7
8 22 2
8 23 9
8 26 9
8 29 6
8 31 7
8 32 10
8 33 9
8 36 2
8 37 6
8 41 2
8 42 8
8 44 9
8 46 5
8 47 5
8 49 9
8 53 7
8 55 4
8 57 10
8 62 1
8 66 2
8 68 4
8 69 5
9 1 5
9 4 3
9 6 3
9 7 9
9 8 7
9 10 8
9 13 3
9 14 8
9 15 7
9 16 6
9 18 8
9 19 7
9 21 7
9 22 5
9 25 4
9 26 9
9 27 1
9 28 10
9 29 1
9 30 10
9 34 10
9 35 6
9 41 1
9 42 8
9 45 5
9 46 5
9 49 6
9 51 3
9 53 3
9 54 3
9 56 8
9 58 10
9 61 4
9 63 2
9 66 3
10 1 4
10 2 6
10 4 7
10 5 3
10 6 9
10 8 1
10 9 8
10 11 9
10 12 10
10 13 8
10 14 4
10 16 3
10 17 7
10 18 4
10 20 5
10 22 8
10 25 2
10 26 6
10 28 6
10 29 2
10 30 5
10 31 3
10 32 1
10 33 1
10 34 6
10 36 3
10 38 4
10 39 10
10 41 6
10 43 2
10 44 5
10 46 8
10 47 6
10 48 2
10 50 10
10 52 9
10 55 2
10 60 3
10 62 7
10 63 1
10 65 4
10 69 5
11 1 3
11 2 10
11 5 1
11 8 10
11 10 9
11 14 7
11 16 4
11 22 2
11 30 9
11 36 8
11 37 2
11 44 7
11 47 3
11 48 6
11 51 3
11 52 2
11 54 7
11 56 5
11 57 6
11 58 10
11 63 7
11 64 5
11 65 5
11 66 9
11 67 2
12 1 4
12 3 7
12 5 9
12 6 9
12 10 10
12 15 1
12 17 6
12 19 3
12 20 9
12 21 3
12 22 10
12 23 7
12 24 3
12 26 2
12 31 8
12 32 6
12 36 7
12 38 9
12 45 6
12 47 5
12 48 5
12 51 2
12 53 3
12 60 7
12 61 4
12 66 1
12 68 5
12 69 9
13 2 6
13 3 4
13 4 1
13 5 6
13 6 6
13 9 3
13 10 8
13 16 10
13 19 2
13 23 8
13 24 4
13 27 10
13 32 4
13 33 8
13 37 2
13 41 10
13 42 1
13 44 9
13 46 7
13 51 1
13 54 4
13 55 1
13 57 4
13 59 1
13 60 3
13 68 8
14 1 6
14 3 3
14 4 10
14 5 2
14 7 8
14 9 8
14 10 4
14 11 7
14 16 5
14 20 6
14 23 2
14 24 2
14 25 10
14 28 7
14 30 1
14 33 9
14 34 6
14 35 9
14 37 7
14 38 7
14 40 7
14 41 5
14 42 2
14 44 4
14 45 9
14 49 10
14 55 9
14 57 7
14 58 2
14 66 10
14 67 9
14 69 7
15 5 9
15 6 3
15 8 2
15 9 7
15 12 1
15 17 5
15 19 4
15 21 4
15 25 9
15 26 10
15 28 4
15 31 5
15 33 5
15 35 4
15 36 9
15 37 4
15 44 8
15 46 7
15 47 10
15 50 1
15 51 2
15 53 2
15 54 9
15 57 5
15 58 7
15 61 10
15 63 1
15 67 10
16 5 8
16 6 6
16 7 6
16 8 10
16 9 6
16 10 3
16 11 4
16 13 10
16 14 5
16 17 4
16 20 3
16 22 4
16 26 10
16 27 2
16 28 8
16 29 2
16 31 1
16 32 3
16 33 6
16 34 5
16 36 2
16 37 10
16 40 4
16 42 9
16 43 1
16 44 7
16 46 7
16 49 2
16 54 9
16 57 4
16 59 9
16 61 3
16 62 8
16 64 7
16 66 10
16 68 2
17 1 7
17 2 6
17 3 10
17 5 4
17 6 8
17 7 6
17 8 6
17 10 7
17 12 6
17 15 5
17 16 4
17 20 3
17 25 3
17 26 4
17 27 2
17 29 10
17 31 7
17 32 5
17 33 10
17 35 6
17 36 7
17 37 7
17 39 8
17 41 5
17 43 6
17 45 1
17 46 7
17 48 10
17 49 7
17 50 8
17 51 4
17 53 6
17 54 4
17 55 10
17 56 1
17 57 1
17 59 6
17 68 10
17 69 6
18 1 10
18 2 10
18 9 8
18 10 4
18 20 1
18 21 8
18 23 2
18 27 1
18 30 9
18 36 3
18 39 3
18 40 6
18 41 8
18 44 2
18 48 8
18 50 3
18 51 8
18 52 6
18 53 10
18 54 10
18 55 2
18 56 5
18 57 10
18 58 7
18 59 7
18 63 6
18 66 3
19 1 3
19 2 9
19 4 7
19 5 7
19 9 7
19 12 3
19 13 2
19 15 4
19 21 1
19 24 6
19 25 10
19 26 6
19 28 10
19 29 1
19 30 7
19 31 2
19 34 2
19 36 9
19 39 5
19 42 9
19 44 7
19 45 10
19 47 9
19 50 4
19 51 1
19 52 1
19 54 6
19 57 4
19 58 8
19 60 1
19 63 6
19 67 9
19 68 5
19 69 3
20 1 4
20 2 5
20 3 4
20 4 1
20 10 5
20 12 9
20 14 6
20 16 3
20 17 3
20 18 1
20 21 1
20 23 7
20 25 6
20 26 2
20 28 5
20 29 2
20 30 6
20 35 7
20 36 7
20 39 8
20 40 9
20 44 9
20 45 9
20 47 6
20 50 2
20 53 9
20 54 8
20 56 3
20 57 7
20 59 8
20 60 3
20 61 6
20 62 6
20 64 7
20 66 2
20 68 3
21 1 8
21 2 8
21 5 6
21 6 7
21 7 1
21 8 7
21 9 7
21 12 3
21 15 4
21 18 8
21 19 1
21 20 1
21 22 7
21 24 10
21 26 6
21 28 2
21 32 10
21 34 9
21 35 5
21 36 4
21 37 3
21 39 2
21 41 6
21 42 10
21 43 3
21 45 8
21 46 9
21 49 8
21 51 2
21 54 1
21 57 1
21 58 5
21 62 4
21 63 2
21 64 7
21 65 10
21 66 5
22 1 9
22 8 2
22 9 5
22 10 8
22 11 2
22 12 10
22 16 4
22 21 7
22 26 8
22 27 9
22 28 3
22 34 10
22 35 9
22 36 1
22 38 5
22 41 1
22 42 10
22 44 6
22 45 1
22 47 6
22 50 2
22 55 6
22 56 2
22 60 1
22 63 3
22 66 4
22 67 10
22 68 3
22 69 3
23 1 1
23 2 4
23 4 3
23 6 7
23 7 9
23 8 9
23 12 7
23 13 8
23 14 2
23 18 2
23 20 7
23 24 7
23 27 3
23 29 5
23 30 2
23 31 3
23 32 5
23 33 4
23 37 7
23 40 7
23 41 10
23 43 8
23 44 2
23 48 7
23 49 2
23 50 10
23 51 7
23 52 1
23 53 4
23 54 1
23 56 2
23 58 9
23 59 7
23 62 10
23 63 9
23 64 6
23 65 9
23 69 6
24 1 9
24 2 2
24 3 7
24 4 1
24 6 3
24 7 3
24 12 3
24 13 4
24 14 2
24 19 6
24 21 10
24 23 7
24 29 10
24 34 4
24 36 10
24 41 6
24 42 2
24 45 9
24 46 2
24 48 2
24 49 7
24 50 7
24 52 1
24 53 8
24 54 3
24 55 5
24 56 9
24 57 10
24 61 8
24 64 5
24 66 3
24 68 1
25 2 8
25 3 1
25 4 4
25 7 2
25 9 4
25 10 2
25 14 10
25 15 9
25 17 3
25 19 10
25 20 6
25 27 9
25 28 7
25 30 9
25 31 4
25 33 9
25 35 8
25 36 2
25 37 7
25 38 1
25 39 1
25 41 9
25 43 1
25 44 2
25 48 7
25 53 6
25 55 6
25 56 5
25 58 1
25 59 9
25 61 2
25 65 4
25 66 3
25 68 7
25 69 6
26 1 5
26 2 9
26 5 3
26 8 9
26 9 9
26 10 6
26 12 2
26 15 10
26 16 10
26 17 4
26 19 6
26 20 2
26 21 6
26 22 8
26 28 4
26 30 8
26 32 8
26 36 3
26 39 7
26 40 4
26 41 4
26 43 5
26 46 5
26 48 6
26 51 2
26 52 5
26 54 10
26 56 6
26 58 9
26 61 5
26 62 9
26 64 8
26 66 4
26 67 9
27 2 1
27 3 8
27 6 3
27 9 1
27 13 10
27 16 2
27 17 2
27 18 1
27 22 9
27 23 3
27 25 9
27 29 4
27 32 10
27 34 8
27 35 1
27 36 3
27 37 8
27 38 5
27 39 7
27 41 1
27 42 1
27 50 10
27 52 3
27 54 10
27 55 6
27 57 7
27 58 8
27 59 4
27 65 9
27 67 6
27 69 3
28 2 2
28 7 8
28 9 10
28 10 6
28 14 7
28 15 4
28 16 8
28 19 10
28 20 5
28 21 2
28 22 3
28 25 7
28 26 4
28 29 4
28 35 8
28 40 7
28 44 4
28 45 5
28 46 9
28 48 10
28 54 10
28 57 9
28 58 7
28 68 2
28 69 9
29 3 1
29 5 1
29 6 6
29 7 3
29 8 6
29 9 1
29 10 2
29 16 2
29 17 10
29 19 1
29 20 2
29 23 5
29 24 10
29 27 4
29 28 4
29 31 4
29 32 8
29 33 9
29 36 9
29 37 7
29 39 5
29 41 9
29 44 3
29 45 3
29 46 2
29 48 10
29 49 10
29 51 10
29 52 8
29 53 3
29 55 5
29 56 10
29 58 1
29 60 10
29 61 9
29 65 4
29 66 5
29 68 1
29 69 10
30 1 5
30 3 7
30 5 5
30 9 10
30 10 5
30 11 9
30 14 1
30 18 9
30 19 7
30 20 6
30 23 2
30 25 9
30 26 8
30 31 7
30 35 8
30 36 1
30 38 7
30 40 8
30 41 8
30 44 3
30 48 5
30 50 8
30 51 5
30 54 10
30 55 3
30 56 9
30 62 1
30 63 5
30 65 1
30 66 1
30 68 9
30 69 3
31 1 4
31 4 6
31 6 9
31 7 7
31 8 7
31 10 3
31 12 8
31 15 5
31 16 1
31 17 7
31 19 2
31 23 3
31 25 4
31 29 4
31 30 7
31 35 7
31 38 4
31 39 9
31 41 5
31 46 10
31 48 10
31 49 7
31 52 1
31 54 1
31 56 3
31 58 3
31 59 3
31 60 3
31 61 1
31 65 6
31 66 5
31 67 1
31 68 9
31 69 4
32 2 3
32 3 10
32 4 1
32 5 1
32 6 5
32 7 10
32 8 10
32 10 1
32 12 6
32 13 4
32 16 3
32 17 5
32 21 10
32 23 5
32 26 8
32 27 10
32 29 8
32 34 8
32 35 4
32 37 4
32 44 3
32 46 1
32 48 10
32 49 1
32 50 3
32 51 2
32 52 6
32 56 4
32 60 4
32 61 10
32 62 9
32 63 7
32 64 4
32 65 7
32 66 10
32 68 5
32 69 3
33 2 1
33 6 1
33 8 9
33 10 1
33 13 8
33 14 9
33 15 5
33 16 6
33 17 10
33 23 4
33 25 9
33 29 9
33 34 3
33 36 4
33 38 7
33 39 1
33 41 7
33 42 3
33 43 6
33 45 4
33 46 7
33 47 2
33 48 3
33 50 9
33 52 4
33 54 4
33 57 8
33 59 6
33 60 2
33 63 10
33 64 10
33 65 10
33 68 1
34 1 3
34 3 4
34 4 2
34 6 9
34 9 10
34 10 6
34 14 6
34 16 5
34 19 2
34 21 9
34 22 10
34 24 4
34 27 8
34 32 8
34 33 3
34 36 4
34 37 3
34 38 8
34 42 4
34 45 4
34 46 9
34 49 2
34 50 6
34 51 2
34 52 4
34 53 8
34 54 8
34 61 10
34 62 10
34 65 6
34 66 5
35 1 3
35 2 2
35 3 6
35 7 8
35 9 6
35 14 9
35 15 4
35 17 6
35 20 7
35 21 5
35 22 9
35 25 8
35 27 1
35 28 8
35 30 8
35 31 7
35 32 4
35 38 8
35 41 6
35 43 1
35 45 7
35 46 4
35 50 2
35 52 9
35 53 3
35 54 4
35 55 3
35 57 10
35 58 1
35 59 4
35 60 9
35 62 8
35 63 10
35 64 2
35 65 6
35 69 5
36 2 7
36 4 5
36 8 2
36 10 3
36 11 8
36 12 7
36 15 9
36 16 2
36 17 7
36 18 3
36 19 9
36 20 7
36 21 4
36 22 1
36 24 10
36 25 2
36 26 3
36 27 3
36 29 9
36 30 1
36 33 4
36 34 4
36 39 7
36 40 2
36 41 1
36 42 1
36 43 7
36 45 5
36 46 5
36 48 1
36 49 9
36 50 9
36 52 9
36 53 9
36 55 2
36 56 9
36 59 7
36 61 3
36 62 7
36 63 8
36 65 9
36 68 4
37 1 7
37 2 4
37 4 6
37 5 2
37 8 6
37 11 2
37 13 2
37 14 7
37 15 4
37 16 10
37 17 7
37 21 3
37 23 7
37 25 7
37 27 8
37 29 7
37 32 4
37 34 3
37 38 4
37 39 3
37 40 4
37 42 3
37 43 7
37 46 2
37 47 2
37 48 6
37 50 6
37 53 5
37 54 1
37 56 2
37 58 1
37 60 2
37 62 3
37 64 1
37 65 3
37 66 8
38 1 3
38 3 1
38 4 7
38 5 4
38 6 5
38 10 4
38 12 9
38 14 7
38 22 5
38 25 1
38 27 5
38 30 7
38 31 4
38 33 7
38 34 8
38 35 8
38 37 4
38 39 3
38 42 6
38 43 2
38 44 1
38 47 10
38 48 2
38 49 2
38 50 7
38 53 10
38 55 6
38 56 4
38 57 3
38 58 5
38 60 3
38 62 4
38 63 7
38 65 8
38 66 4
38 68 7
38 69 6
39 1 10
39 6 5
39 7 7
39 10 10
39 17 8
39 18 3
39 19 5
39 20 8
39 21 2
39 25 1
39 26 7
39 27 7
39 29 5
39 31 9
39 33 1
39 36 7
39 37 3
39 38 3
39 40 4
39 41 8
39 42 6
39 44 4
39 46 3
39 48 6
39 49 10
39 51 7
39 58 1
39 59 5
39 61 2
39 62 3
39 63 8
39 65 9
39 67 3
40 1 1
40 3 8
40 4 5
40 5 2
40 6 4
40 7 9
40 14 7
40 16 4
40 18 6
40 20 9
40 23 7
40 26 4
40 28 7
40 30 8
40 36 2
40 37 4
40 39 4
40 45 10
40 46 2
40 47 2
40 50 10
40 52 3
40 55 9
40 56 6
40 57 1
40 59 3
40 61 6
40 63 5
40 67 2
41 1 4
41 2 8
41 4 1
41 5 7
41 6 2
41 8 2
41 9 1
41 10 6
41 13 10
41 14 5
41 17 5
41 18 8
41 21 6
41 22 1
41 23 10
41 24 6
41 25 9
41 26 4
41 27 1
41 29 9
41 30 8
41 31 5
41 33 7
41 35 6
41 36 1
41 39 8
41 42 7
41 43 3
41 46 2
41 47 1
41 48 9
41 50 1
41 51 6
41 54 5
41 55 8
41 57 1
41 58 9
41 59 1
41 60 2
41 61 5
41 62 6
41 63 4
41 64 3
41 66 2
41 67 1
41 68 10
42 1 5
42 2 7
42 4 2
42 7 3
42 8 8
42 9 8
42 13 1
42 14 2
42 16 9
42 19 9
42 21 10
42 22 10
42 24 2
42 27 1
42 33 3
42 34 4
42 36 1
42 37 3
42 38 6
42 39 6
42 41 7
42 45 8
42 46 1
42 50 10
42 51 2
42 52 8
42 56 6
42 57 1
42 59 3
42 60 8
42 61 3
42 63 1
42 66 6
42 67 4
42 68 6
43 2 1
43 3 5
43 10 2
43 16 1
43 17 6
43 21 3
43 23 8
43 25 1
43 26 5
43 33 6
43 35 1
43 36 7
43 37 7
43 38 2
43 41 3
43 46 8
43 49 9
43 50 1
43 53 8
43 56 3
43 58 8
43 60 5
43 61 8
43 66 6
43 67 10
43 69 7
44 3 10
44 4 5
44 6 10
44 8 9
44 10 5
44 11 7
44 13 9
44 14 4
44 15 8
44 16 7
44 18 2
44 19 7
44 20 9
44 22 6
44 23 2
44 25 2
44 28 4
44 29 3
44 30 3
44 32 3
44 38 1
44 39 4
44 46 2
44 48 10
44 52 2
44 54 7
44 56 8
44 57 7
44 58 7
44 59 9
44 63 6
44 65 2
44 66 2
44 67 9
44 69 10
45 1 6
45 4 1
45 5 3
45 6 3
45 7 5
45 9 5
45 12 6
45 14 9
45 17 1
45 19 10
45 20 9
45 21 8
45 22 1
45 24 9
45 28 5
45 29 3
45 33 4
45 34 4
45 35 7
45 36 5
45 40 10
45 42 8
45 48 5
45 49 7
45 51 6
45 52 6
45 53 7
45 54 10
45 56 2
45 57 6
45 58 1
45 62 4
45 63 2
45 64 5
45 65 4
45 66 8
45 69 6
46 2 5
46 4 10
46 8 5
46 9 5
46 10 8
46 13 7
46 15 7
46 16 7
46 17 7
46 21 9
46 24 2
46 26 5
46 28 9
46 29 2
46 31 10
46 32 1
46 33 7
46 34 9
46 35 4
46 36 5
46 37 2
46 39 3
46 40 2
46 41 2
46 42 1
46 43 8
46 44 2
46 52 1
46 53 7
46 56 1
46 58 5
46 61 7
46 62 9
46 66 8
46 67 5
46 69 9
47 1 8
47 4 6
47 8 5
47 10 6
47 11 3
47 12 5
47 15 10
47 19 9
47 20 6
47 22 6
47 33 2
47 37 2
47 38 10
47 40 2
47 41 1
47 49 8
47 51 1
47 52 3
47 53 5
47 56 7
47 57 9
47 59 2
47 61 8
47 64 9
47 65 4
47 68 2
47 69 8
48 1 3
48 2 9
48 4 10
48 6 5
48 10 2
48 11 6
48 12 5
48 17 10
48 18 8
48 23 7
48 24 2
48 25 7
48 26 6
48 28 10
48 29 10
48 30 5
48 31 10
48 32 10
48 33 3
48 36 1
48 37 6
48 38 2
48 39 6
48 41 9
48 44 10
48 45 5
48 49 8
48 51 2
48 52 6
48 54 8
48 55 9
48 56 6
48 59 4
48 60 9
48 62 2
48 64 8
48 66 6
48 68 5
48 69 9
49 1 7
49 2 7
49 3 4
49 4 1
49 5 1
49 6 7
49 7 1
49 8 9
49 9 6
49 14 10
49 16 2
49 17 7
49 21 8
49 23 2
49 24 7
49 29 10
49 31 7
49 32 1
49 34 2
49 36 9
49 38 2
49 39 10
49 43 9
49 45 7
49 47 8
49 48 8
49 50 9
49 52 5
49 54 5
49 55 8
49 56 8
49 59 1
49 63 10
49 64 2
49 65 4
49 67 6
49 69 4
50 1 7
50 4 5
50 10 10
50 15 1
50 17 8
50 18 3
50 19 4
50 20 2
50 22 2
50 23 10
50 24 7
50 27 10
50 30 8
50 32 3
50 33 9
50 34 6
50 35 2
50 36 9
50 37 6
50 38 7
50 40 10
50 41 1
50 42 10
50 43 1
50 49 9
50 52 5
50 53 6
50 54 10
50 59 1
50 60 8
50 64 6
50 69 4
51 2 6
51 3 10
51 4 2
51 6 1
51 9 3
51 11 3
51 12 2
51 13 1
51 15 2
51 17 4
51 18 8
51 19 1
51 21 2
51 23 7
51 26 2
51 29 10
51 30 5
51 32 2
51 34 2
51 39 7
51 41 6
51 42 2
51 45 6
51 47 1
51 48 2
51 52 6
51 53 1
51 54 8
51 59 7
51 62 1
51 63 7
51 65 2
51 67 8
52 1 5
52 3 8
52 5 6
52 10 9
52 11 2
52 18 6
52 19 1
52 23 1
52 24 1
52 26 5
52 27 3
52 29 8
52 31 1
52 32 6
52 33 4
52 34 4
52 35 9
52 36 9
52 40 3
52 42 8
52 44 2
52 45 6
52 46 1
52 47 3
52 48 6
52 49 5
52 50 5
52 51 6
52 53 10
52 55 1
52 56 7
52 57 8
52 58 4
52 61 4
52 67 2
53 3 7
53 4 8
53 6 10
53 7 5
53 8 7
53 9 3
53 12 3
53 15 2
53 17 6
53 18 10
53 20 9
53 23 4
53 24 8
53 25 6
53 29 3
53 34 8
53 35 3
53 36 9
53 37 5
53 38 10
53 43 8
53 45 7
53 46 7
53 47 5
53 50 6
53 51 1
53 52 10
53 56 5
53 57 7
53 61 6
53 63 6
53 65 10
53 66 6
53 68 3
54 1 8
54 2 5
54 3 10
54 5 3
54 7 5
54 9 3
54 11 7
54 13 4
54 15 9
54 16 9
54 17 4
54 18 10
54 19 6
54 20 8
54 21 1
54 23 1
54 24 3
54 26 10
54 27 10
54 28 10
54 30 10
54 31 1
54 33 4
54 34 8
54 35 4
54 37 1
54 41 5
54 44 7
54 45 10
54 48 8
54 49 5
54 50 10
54 51 8
54 56 5
54 57 9
54 58 4
54 62 3
54 63 6
54 64 2
54 65 9
54 66 7
54 67 3
54 68 10
55 4 7
55 6 2
55 8 4
55 10 2
55 13 1
55 14 9
55 17 10
55 18 2
55 22 6
55 24 5
55 25 6
55 27 6
55 29 5
55 30 3
55 35 3
55 36 2
55 38 6
55 40 9
55 41 8
55 48 9
55 49 8
55 52 1
55 56 6
55 62 5
55 64 2
55 65 10
55 66 4
55 69 2
56 5 1
56 6 10
56 7 7
56 9 8
56 11 5
56 17 1
56 18 5
56 20 3
56 22 2
56 23 2
56 24 9
56 25 5
56 26 6
56 29 10
56 30 9
56 31 3
56 32 4
56 36 9
56 37 2
56 38 4
56 40 6
56 42 6
56 43 3
56 44 8
56 45 2
56 46 1
56 47 7
56 48 6
56 49 8
56 52 7
56 53 5
56 54 5
56 55 6
56 57 9
56 64 4
56 67 9
57 1 5
57 3 3
57 4 7
57 7 10
57 8 10
57 11 6
57 13 4
57 14 7
57 15 5
57 16 4
57 17 1
57 18 10
57 19 4
57 20 7
57 21 1
57 24 10
57 27 7
57 28 9
57 33 8
57 35 10
57 38 3
57 40 1
57 41 1
57 42 1
57 44 7
57 45 6
57 47 9
57 52 8
57 53 7
57 54 9
57 56 9
57 60 6
57 61 3
57 64 1
57 66 9
58 1 2
58 9 10
58 11 10
58 14 2
58 15 7
58 18 7
58 19 8
58 21 5
58 23 9
58 25 1
58 26 9
58 27 8
58 28 7
58 29 1
58 31 3
58 35 1
58 37 1
58 38 5
58 39 1
58 41 9
58 43 8
58 44 7
58 45 1
58 46 5
58 52 4
58 54 4
58 60 9
58 64 6
58 65 5
58 66 10
58 68 6
58 69 8
59 2 3
59 4 1
59 6 6
59 7 2
59 13 1
59 16 9
59 17 6
59 18 7
59 20 8
59 23 7
59 25 9
59 27 4
59 31 3
59 33 6
59 35 4
59 36 7
59 39 5
59 40 3
59 41 1
59 42 3
59 44 9
59 47 2
59 48 4
59 49 1
59 50 1
59 51 7
59 60 3
59 64 4
59 66 2
59 68 10
59 69 7
60 2 1
60 3 9
60 5 6
60 7 3
60 10 3
60 12 7
60 13 3
60 19 1
60 20 3
60 22 1
60 29 10
60 31 3
60 32 4
60 33 2
60 35 9
60 37 2
60 38 3
60 41 2
60 42 8
60 43 5
60 48 9
60 50 8
60 57 6
60 58 9
60 59 3
60 63 7
60 65 8
61 2 10
61 5 3
61 6 8
61 9 4
61 12 4
61 15 10
61 16 3
61 20 6
61 24 8
61 25 2
61 26 5
61 29 9
61 31 1
61 32 10
61 34 10
61 36 3
61 39 2
61 40 6
61 41 5
61 42 3
61 43 8
61 46 7
61 47 8
61 52 4
61 53 6
61 57 3
61 63 3
61 65 7
61 66 3
61 67 9
61 68 2
61 69 4
62 1 3
62 3 3
62 8 1
62 10 7
62 16 8
62 20 6
62 21 4
62 23 10
62 26 9
62 30 1
62 32 9
62 34 10
62 35 8
62 36 7
62 37 3
62 38 4
62 39 3
62 41 6
62 45 4
62 46 9
62 48 2
62 51 1
62 54 3
62 55 5
62 64 10
62 68 2
62 69 9
63 1 3
63 3 5
63 5 3
63 9 2
63 10 1
63 11 7
63 15 1
63 18 6
63 19 6
63 21 2
63 22 3
63 23 9
63 30 5
63 32 7
63 33 10
63 35 10
63 36 8
63 38 7
63 39 8
63 40 5
63 41 4
63 42 1
63 44 6
63 45 2
63 49 10
63 51 7
63 53 6
63 54 6
63 60 7
63 61 3
63 66 8
63 67 5
63 69 10
64 2 4
64 3 10
64 4 7
64 5 6
64 7 3
64 11 5
64 16 7
64 20 7
64 21 7
64 23 6
64 24 5
64 26 8
64 32 4
64 33 10
64 35 2
64 37 1
64 41 3
64 45 5
64 47 9
64 48 8
64 49 2
64 50 6
64 54 2
64 55 2
64 56 4
64 57 1
64 58 6
64 59 4
64 62 10
64 65 4
64 68 1
64 69 7
65 5 8
65 6 10
65 7 3
65 10 4
65 11 5
65 21 10
65 23 9
65 25 4
65 27 9
65 29 4
65 30 1
65 31 6
65 32 7
65 33 10
65 34 6
65 35 6
65 36 9
65 37 3
65 38 8
65 39 9
65 44 2
65 45 4
65 47 4
65 49 4
65 51 2
65 53 10
65 54 9
65 55 10
65 58 5
65 60 8
65 61 7
65 64 4
65 67 2
65 68 2
66 3 3
66 5 2
66 8 2
66 9 3
66 11 9
66 12 1
66 14 10
66 16 10
66 18 3
66 20 2
66 21 5
66 22 4
66 24 3
66 25 3
66 26 4
66 29 5
66 30 1
66 31 5
66 32 10
66 34 5
66 37 8
66 38 4
66 41 2
66 42 6
66 43 6
66 44 2
66 45 8
66 46 8
66 48 6
66 53 6
66 54 7
66 55 4
66 57 9
66 58 10
66 59 2
66 61 3
66 63 8
66 67 3
66 68 9
66 69 7
67 2 8
67 6 1
67 7 10
67 11 2
67 14 9
67 15 10
67 19 9
67 22 10
67 26 9
67 27 6
67 31 1
67 39 3
67 40 2
67 41 1
67 42 4
67 43 10
67 44 9
67 46 5
67 49 6
67 51 8
67 52 2
67 54 3
67 56 9
67 61 9
67 63 5
67 65 2
67 66 3
67 69 2
68 1 7
68 3 5
68 4 7
68 8 4
68 12 5
68 13 8
68 16 2
68 17 10
68 19 5
68 20 3
68 22 3
68 24 1
68 25 7
68 28 2
68 29 1
68 30 9
68 31 9
68 32 5
68 33 1
68 36 4
68 38 7
68 41 10
68 42 6
68 47 2
68 48 5
68 53 3
68 54 10
68 58 6
68 59 10
68 61 2
68 62 2
68 64 1
68 65 2
68 66 9
68 69 3
4 t 10
5 t 3
6 t 10
7 t 8
8 t 5
10 t 5
12 t 9
14 t 7
17 t 6
19 t 3
22 t 3
23 t 6
25 t 6
27 t 3
28 t 9
29 t 10
30 t 3
31 t 4
32 t 3
35 t 5
38 t 6
43 t 7
44 t 10
45 t 6
46 t 9
47 t 8
48 t 9
49 t 4
50 t 4
55 t 2
58 t 8
59 t 7
61 t 4
62 t 9
63 t 10
64 t 7
66 t 7
67 t 2
68 t 3
