s 4 7
s 5 5
s 6 1
s 7 10
s 8 7
s 9 3
s 10 8
s 11 6
s 13 1
s 15 4
s 16 8
s 17 2
s 19 9
s 21 10
s 22 9
s 24 6
s 26 8
s 30 10
s 31 4
s 34 3
s 36 9
s 37 9
s 42 7
s 43 6
s 45 3
s 47 9
s 49 1
s 50 10
s 51 5
s 52 10
s 53 4
s 54 1
s 60 10
s 61 4
s 64 8
s 65 5
s 67 6
s 68 8
s 69 1
s 77 6
s 78 8
1 7 8
1 11 2
1 13 3
1 14 9
1 16 4
1 19 3
1 21 3
1 22 7
1 26 9
1 29 2
1 32 4
1 35 5
1 37 10
1 39 7
1 40 4
1 43 7
1 44 10
1 45 10
1 46 3
1 47 7
1 50 6
1 53 7
1 54 2
1 56 7
1 59 9
1 60 2
1 61 2
1 62 1
1 64 7
1 67 9
1 69 6
1 71 6
1 74 2
1 75 3
1 78 8
2 13 5
2 15 4
2 16 5
2 17 6
2 18 5
2 19 1
2 20 6
2 21 3
2 23 7
2 26 4
2 28 8
2 30 3
2 32 4
2 34 5
2 36 7
2 37 4
2 38 10
2 43 3
2 45 9
2 48 8
2 49 2
2 51 8
2 53 10
2 54 9
2 55 1
2 56 3
2 59 7
2 61 8
2 62 9
2 63 5
2 66 10
2 68 8
2 69 10
2 71 2
2 73 4
2 74 1
2 75 6
2 77 7
3 4 6
3 7 7
3 9 5
3 12 5
3 15 7
3 17 9
3 20 3
3 22 4
3 23 10
3 25 2
3 28 10
3 29 1
3 31 2
3 32 1
3 34 10
3 36 5
3 37 9
3 38 10
3 39 6
3 41 3
3 42 10
3 44 7
3 46 10
3 48 8
3 49 3
3 50 7
3 51 4
3 52 10
3 54 10
3 55 4
3 56 1
3 58 4
3 61 2
3 62 10
3 67 2
3 68 10
3 69 6
3 74 8
3 76 9
3 78 3
3 79 1
4 3 6
4 8 1
4 9 4
4 10 8
4 11 4
4 12 6
4 13 4
4 14 4
4 15 1
4 16 1
4 18 9
4 20 3
4 22 9
4 24 5
4 29 5
4 30 9
4 31 6
4 34 8
4 35 4
4 36 6
4 39 9
4 41 4
4 42 3
4 45 3
4 47 8
4 48 1
4 51 9
4 53 10
4 57 1
4 58 1
4 61 10
4 62 8
4 64 3
4 66 6
4 67 5
4 69 10
4 73 8
4 74 3
4 75 9
4 78 10
4 79 1
5 8 5
5 10 2
5 12 2
5 13 9
5 17 4
5 19 3
5 25 6
5 26 2
5 27 6
5 29 4
5 30 6
5 31 10
5 33 8
5 35 7
5 39 9
5 40 9
5 41 8
5 42 9
5 45 1
5 48 1
5 50 7
5 51 9
5 52 4
5 53 5
5 54 3
5 56 1
5 57 2
5 58 1
5 60 8
5 61 2
5 62 3
5 63 9
5 66 10
5 67 9
5 68 2
5 70 10
5 73 8
5 77 3
6 7 7
6 8 1
6 9 4
6 11 3
6 12 2
6 13 8
6 14 2
6 16 6
6 17 7
6 18 4
6 20 7
6 21 8
6 22 5
6 23 4
6 25 3
6 28 3
6 31 9
6 34 10
6 36 7
6 37 7
6 38 5
6 41 1
6 42 2
6 43 6
6 45 9
6 51 2
6 55 3
6 58 3
6 68 9
6 69 9
6 70 5
6 74 4
6 76 1
6 78 8
6 79 4
7 1 8
7 3 7
7 6 7
7 9 1
7 11 10
7 12 10
7 13 3
7 14 3
7 16 5
7 17 7
7 21 5
7 22 6
7 26 6
7 27 8
7 29 8
7 31 8
7 32 3
7 34 9
7 35 6
7 37 8
7 46 3
7 47 4
7 48 9
7 49 4
7 51 1
7 52 1
7 54 10
7 55 3
7 58 1
7 59 10
7 62 4
7 63 5
7 64 5
7 65 4
7 66 10
7 67 1
7 72 3
7 78 1
8 4 1
8 5 5
8 6 1
8 9 9
8 10 8
8 11 5
8 14 3
8 15 3
8 21 5
8 22 1
8 25 7
8 26 7
8 27 6
8 28 4
8 30 6
8 32 2
8 34 9
8 35 9
8 36 1
8 39 10
8 40 2
8 41 8
8 47 7
8 48 1
8 51 8
8 53 7
8 57 7
8 58 5
8 60 6
8 61 6
8 65 5
8 68 2
8 75 3
8 77 6
9 3 5
9 4 4
9 6 4
9 7 1
9 8 9
9 10 9
9 11 6
9 14 4
9 15 2
9 16 2
9 17 2
9 18 4
9 19 8
9 22 8
9 24 2
9 25 5
9 26 5
9 29 3
9 32 10
9 35 2
9 38 7
9 40 8
9 46 8
9 47 7
9 49 8
9 51 1
9 52 8
9 53 5
9 57 4
9 59 1
9 61 1
9 62 10
9 64 5
9 67 6
9 70 5
9 72 9
9 73 2
9 74 1
9 78 3
9 79 8
10 4 8
10 5 2
10 8 8
10 9 9
10 11 9
10 12 3
10 14 10
10 16 9
10 17 9
10 18 3
10 20 4
10 21 5
10 22 7
10 23 10
10 33 2
10 34 7
10 35 10
10 36 5
10 43 1
10 44 8
10 47 3
10 48 9
10 49 5
10 50 1
10 51 8
10 53 3
10 54 5
10 55 9
10 56 1
10 57 5
10 62 9
10 65 1
10 66 7
10 68 5
10 69 2
10 70 3
10 71 4
10 74 2
10 76 6
10 77 2
10 78 10
11 1 2
11 4 4
11 6 3
11 7 10
11 8 5
11 9 6
11 10 9
11 14 10
11 15 3
11 17 1
11 20 4
11 27 10
11 28 2
11 31 5
11 32 6
11 34 10
11 36 2
11 38 7
11 40 4
11 43 7
11 44 4
11 45 5
11 46 2
11 47 1
11 51 7
11 52 9
11 54 5
11 56 9
11 58 5
11 61 5
11 68 7
11 70 8
11 71 5
11 74 8
11 79 2
12 3 5
12 4 6
12 5 2
12 6 2
12 7 10
12 10 3
12 13 9
12 15 10
12 16 8
12 18 9
12 24 6
12 25 4
12 26 4
12 27 4
12 28 6
12 30 1
12 31 7
12 32 4
12 34 2
12 35 6
12 38 7
12 40 3
12 41 7
12 44 7
12 45 7
12 46 9
12 47 6
12 48 8
12 50 1
12 51 3
12 53 6
12 54 3
12 55 1
12 57 4
12 59 6
12 61 5
12 62 5
12 64 3
12 65 3
12 66 8
12 73 8
12 75 9
12 77 6
12 79 10
13 1 3
13 2 5
13 4 4
13 5 9
13 6 8
13 7 3
13 12 9
13 14 1
13 16 5
13 19 3
13 24 9
13 26 3
13 27 9
13 28 6
13 29 3
13 32 1
13 35 9
13 38 1
13 39 5
13 41 4
13 42 3
13 47 6
13 48 7
13 52 3
13 53 3
13 54 9
13 56 6
13 57 6
13 59 9
13 60 2
13 61 4
13 68 6
13 70 5
13 73 1
13 78 6
14 1 9
14 4 4
14 6 2
14 7 3
14 8 3
14 9 4
14 10 10
14 11 10
14 13 1
14 15 8
14 16 1
14 18 3
14 19 10
14 20 8
14 22 3
14 24 1
14 26 7
14 28 9
14 29 1
14 32 10
14 34 8
14 35 5
14 45 3
14 46 6
14 48 6
14 49 10
14 50 7
14 51 4
14 52 4
14 54 8
14 55 7
14 56 8
14 57 3
14 60 10
14 64 10
14 67 10
14 68 2
14 71 10
14 73 9
14 75 6
15 2 4
15 3 7
15 4 1
15 8 3
15 9 2
15 11 3
15 12 10
15 14 8
15 16 4
15 17 7
15 18 2
15 19 7
15 20 1
15 22 1
15 25 10
15 26 3
15 27 5
15 31 2
15 33 6
15 34 6
15 36 10
15 37 10
15 41 1
15 44 3
15 49 9
15 50 8
15 54 5
15 57 1
15 58 7
15 61 8
15 65 4
15 68 10
15 69 3
15 71 8
15 72 8
15 74 10
15 77 1
16 1 4
16 2 5
16 4 1
16 6 6
16 7 5
16 9 2
16 10 9
16 12 8
16 13 5
16 14 1
16 15 4
16 17 1
16 18 8
16 19 2
16 20 8
16 24 8
16 25 5
16 26 8
16 28 9
16 30 2
16 34 9
16 40 1
16 41 3
16 43 5
16 46 7
16 47 10
16 50 8
16 57 6
16 60 5
16 62 4
16 63 3
16 65 10
16 66 5
16 67 4
16 68 2
16 69 2
16 74 2
16 76 10
16 77 1
16 78 7
16 79 10
17 2 6
17 3 9
17 5 4
17 6 7
17 7 7
17 9 2
17 10 9
17 11 1
17 15 7
17 16 1
17 18 4
17 22 7
17 23 2
17 24 6
17 26 10
17 27 6
17 29 9
17 31 5
17 32 6
17 34 1
17 35 4
17 36 8
17 39 10
17 41 4
17 42 7
17 43 7
17 45 4
17 46 10
17 50 7
17 51 9
17 53 10
17 57 6
17 61 6
17 63 4
17 66 10
17 69 9
17 70 7
17 71 8
17 73 7
17 74 2
17 75 5
17 76 3
17 77 5
18 2 5
18 4 9
18 6 4
18 9 4
18 10 3
18 12 9
18 14 3
18 15 2
18 16 8
18 17 4
18 20 5
18 22 4
18 24 10
18 26 1
18 27 7
18 29 10
18 30 9
18 31 10
18 33 1
18 34 7
18 35 2
18 36 3
18 37 4
18 38 3
18 44 1
18 45 1
18 46 10
18 49 3
18 55 10
18 56 9
18 58 4
18 60 9
18 63 1
18 65 9
18 66 6
18 67 6
18 69 6
18 71 8
18 72 7
18 73 9
18 75 4
18 78 1
19 1 3
19 2 1
19 5 3
19 9 8
19 13 3
19 14 10
19 15 7
19 16 2
19 20 5
19 22 5
19 24 7
19 27 5
19 28 8
19 31 5
19 33 6
19 34 1
19 37 9
19 41 1
19 42 10
19 43 1
19 46 6
19 47 1
19 48 8
19 50 4
19 53 6
19 54 9
19 64 7
19 66 5
19 70 9
19 71 1
19 72 10
19 73 9
19 74 7
19 77 4
20 2 6
20 3 3
20 4 3
20 6 7
20 10 4
20 11 4
20 14 8
20 15 1
20 16 8
20 18 5
20 19 5
20 22 8
20 25 9
20 26 5
20 28 7
20 31 1
20 34 10
20 36 2
20 38 2
20 42 1
20 43 9
20 44 4
20 45 3
20 46 4
20 49 3
20 54 7
20 55 5
20 57 5
20 58 9
20 59 7
20 60 8
20 63 6
20 65 5
20 66 3
20 68 3
20 71 10
20 72 10
20 73 2
20 74 7
20 76 8
20 78 3
21 1 3
21 2 3
21 6 8
21 7 5
21 8 5
21 10 5
21 23 10
21 26 5
21 28 1
21 30 4
21 31 6
21 32 10
21 33 7
21 36 2
21 38 8
21 39 4
21 40 4
21 42 5
21 44 2
21 45 2
21 47 9
21 49 7
21 52 2
21 53 8
21 54 4
21 57 1
21 60 9
21 61 2
21 62 2
21 64 5
21 65 3
21 67 5
21 68 2
21 69 5
21 71 2
21 72 8
21 77 4
21 78 4
21 79 7
22 1 7
22 3 4
22 4 9
22 6 5
22 7 6
22 8 1
22 9 8
22 10 7
22 14 3
22 15 1
22 17 7
22 18 4
22 19 5
22 20 8
22 23 3
22 24 9
22 27 3
22 36 3
22 37 4
22 38 5
22 39 7
22 40 6
22 45 8
22 51 1
22 52 6
22 53 3
22 54 9
22 55 1
22 58 4
22 59 3
22 61 2
22 64 8
22 65 2
22 66 10
22 67 4
22 69 7
22 70 7
22 71 2
22 73 1
22 75 9
22 78 3
23 2 7
23 3 10
23 6 4
23 10 10
23 17 2
23 21 10
23 22 3
23 26 5
23 28 8
23 31 4
23 32 5
23 34 7
23 35 4
23 36 6
23 39 5
23 41 7
23 43 9
23 47 9
23 48 8
23 51 8
23 52 7
23 54 3
23 56 8
23 58 8
23 59 7
23 60 5
23 61 10
23 64 2
23 65 2
23 69 10
23 73 10
23 74 6
23 75 10
23 76 2
23 77 2
23 78 7
24 4 5
24 9 2
24 12 6
24 13 9
24 14 1
24 16 8
24 17 6
24 18 10
24 19 7
24 22 9
24 25 3
24 27 10
24 30 3
24 31 3
24 32 4
24 34 1
24 42 5
24 43 2
24 44 6
24 46 10
24 47 3
24 49 7
24 50 9
24 53 8
24 55 5
24 56 10
24 57 8
24 58 2
24 59 5
24 61 1
24 62 8
24 63 3
24 66 7
24 67 8
24 68 6
24 72 4
24 75 5
24 78 2
24 79 3
25 3 2
25 5 6
25 6 3
25 8 7
25 9 5
25 12 4
25 15 10
25 16 5
25 20 9
25 24 3
25 30 1
25 31 10
25 33 5
25 37 1
25 38 3
25 39 1
25 40 7
25 44 9
25 50 1
25 51 5
25 55 4
25 56 10
25 57 3
25 58 8
25 59 10
25 60 7
25 61 9
25 62 6
25 67 3
25 70 7
25 71 3
25 75 1
25 76 8
25 78 3
26 1 9
26 2 4
26 5 2
26 7 6
26 8 7
26 9 5
26 12 4
26 13 3
26 14 7
26 15 3
26 16 8
26 17 10
26 18 1
26 20 5
26 21 5
26 23 5
26 27 1
26 29 3
26 30 10
26 31 3
26 33 2
26 34 8
26 37 10
26 40 8
26 41 4
26 43 6
26 48 6
26 50 6
26 52 1
26 53 2
26 54 6
26 56 2
26 58 8
26 61 8
26 62 2
26 63 6
26 64 1
26 66 6
26 67 9
26 68 6
26 69 7
26 74 2
26 75 5
26 76 6
27 5 6
27 7 8
27 8 6
27 11 10
27 12 4
27 13 9
27 15 5
27 17 6
27 18 7
27 19 5
27 22 3
27 24 10
27 26 1
27 31 7
27 35 6
27 36 4
27 38 4
27 40 8
27 41 4
27 42 10
27 44 2
27 45 8
27 46 10
27 47 1
27 48 2
27 49 6
27 51 1
27 53 8
27 57 9
27 62 7
27 63 7
27 65 2
27 66 7
27 71 6
27 73 7
27 75 1
27 78 8
28 2 8
28 3 10
28 6 3
28 8 4
28 11 2
28 12 6
28 13 6
28 14 9
28 16 9
28 19 8
28 20 7
28 21 1
28 23 8
28 30 1
28 31 1
28 37 8
28 38 8
28 40 8
28 41 4
28 42 8
28 47 9
28 51 5
28 52 9
28 53 3
28 55 5
28 57 10
28 59 6
28 60 7
28 62 8
28 64 7
28 65 7
28 66 5
28 68 3
28 69 6
28 74 8
28 78 6
29 1 2
29 3 1
29 4 5
29 5 4
29 7 8
29 9 3
29 13 3
29 14 1
29 17 9
29 18 10
29 26 3
29 30 1
29 34 2
29 37 6
29 41 6
29 49 10
29 50 1
29 53 7
29 54 5
29 55 2
29 56 2
29 57 5
29 58 4
29 59 9
29 60 8
29 64 10
29 66 1
29 67 7
29 68 4
29 69 1
29 71 8
29 72 5
29 74 2
29 75 4
29 76 1
29 78 9
29 79 1
30 2 3
30 4 9
30 5 6
30 8 6
30 12 1
30 16 2
30 18 9
30 21 4
30 24 3
30 25 1
30 26 10
30 28 1
30 29 1
30 33 9
30 35 1
30 36 9
30 41 9
30 42 7
30 45 2
30 46 4
30 48 5
30 53 8
30 55 9
30 58 7
30 64 10
30 68 3
30 69 10
30 70 4
30 72 1
30 75 2
31 3 2
31 4 6
31 5 10
31 6 9
31 7 8
31 11 5
31 12 7
31 15 2
31 17 5
31 18 10
31 19 5
31 20 1
31 21 6
31 23 4
31 24 3
31 25 10
31 26 3
31 27 7
31 28 1
31 32 4
31 34 8
31 36 4
31 37 7
31 40 8
31 42 2
31 44 8
31 48 1
31 49 1
31 50 3
31 52 3
31 53 6
31 54 1
31 55 5
31 57 6
31 58 9
31 59 9
31 60 3
31 62 3
31 63 9
31 64 1
31 68 5
31 69 10
31 70 8
31 71 9
31 72 4
31 74 2
31 75 4
31 78 2
32 1 4
32 2 4
32 3 1
32 7 3
32 8 2
32 9 10
32 11 6
32 12 4
32 13 1
32 14 10
32 17 6
32 21 10
32 23 5
32 24 4
32 31 4
32 36 5
32 37 5
32 38 3
32 39 5
32 46 3
32 51 10
32 52 3
32 57 9
32 58 5
32 60 4
32 63 9
32 64 5
32 66 5
32 67 9
32 68 2
32 69 8
32 70 1
32 77 10
32 78 3
32 79 6
33 5 8
33 10 2
33 15 6
33 18 1
33 19 6
33 21 7
33 25 5
33 26 2
33 30 9
33 35 7
33 41 5
33 43 8
33 44 4
33 46 9
33 47 8
33 50 2
33 51 10
33 52 5
33 53 6
33 55 10
33 56 9
33 57 10
33 58 3
33 59 4
33 62 8
33 65 8
33 66 10
33 67 8
33 69 4
33 71 3
33 72 4
33 76 9
33 79 5
34 2 5
34 3 10
34 4 8
34 6 10
34 7 9
34 8 9
34 10 7
34 11 10
34 12 2
34 14 8
34 15 6
34 16 9
34 17 1
34 18 7
34 19 1
34 20 10
34 23 7
34 24 1
34 26 8
34 29 2
34 31 8
34 35 6
34 36 1
34 38 10
34 39 3
34 41 6
34 43 3
34 45 1
34 48 2
34 55 5
34 56 7
34 57 5
34 59 4
34 60 1
34 61 10
34 63 8
34 67 4
34 68 6
34 74 9
34 76 7
34 77 4
34 78 7
34 79 9
35 1 5
35 4 4
35 5 7
35 7 6
35 8 9
35 9 2
35 10 10
35 12 6
35 13 9
35 14 5
35 17 4
35 18 2
35 23 4
35 27 6
35 30 1
35 33 7
35 34 6
35 36 1
35 38 1
35 39 9
35 41 10
35 42 3
35 48 8
35 52 2
35 55 2
35 57 3
35 61 9
35 62 5
35 63 1
35 64 9
35 68 8
35 73 5
35 74 7
35 77 7
36 2 7
36 3 5
36 4 6
36 6 7
36 8 1
36 10 5
36 11 2
36 15 10
36 17 8
36 18 3
36 20 2
36 21 2
36 22 3
36 23 6
36 27 4
36 30 9
36 31 4
36 32 5
36 34 1
36 35 1
36 37 1
36 43 2
36 44 2
36 51 7
36 53 3
36 61 1
36 62 10
36 65 2
36 66 4
36 68 6
36 73 3
36 75 9
36 76 9
36 78 3
37 1 10
37 2 4
37 3 9
37 6 7
37 7 8
37 15 10
37 18 4
37 19 9
37 22 4
37 25 1
37 26 10
37 28 8
37 29 6
37 31 7
37 32 5
37 36 1
37 39 2
37 41 5
37 43 3
37 44 6
37 45 4
37 46 5
37 48 1
37 53 10
37 54 7
37 57 10
37 59 8
37 61 7
37 62 4
37 63 2
37 64 2
37 67 7
37 68 6
37 69 4
37 71 1
37 76 3
37 77 6
38 2 10
38 3 10
38 6 5
38 9 7
38 11 7
38 12 7
38 13 1
38 18 3
38 20 2
38 21 8
38 22 5
38 25 3
38 27 4
38 28 8
38 32 3
38 34 10
38 35 1
38 40 2
38 41 2
38 42 9
38 43 4
38 45 9
38 48 2
38 50 1
38 52 4
38 55 2
38 58 6
38 59 8
38 60 4
38 61 8
38 63 5
38 64 5
38 65 7
38 66 10
38 68 10
38 70 5
38 73 10
38 74 3
38 75 9
38 76 6
38 79 3
39 1 7
39 3 6
39 4 9
39 5 9
39 8 10
39 13 5
39 17 10
39 21 4
39 22 7
39 23 5
39 25 1
39 32 5
39 34 3
39 35 9
39 37 2
39 40 3
39 41 7
39 43 8
39 45 3
39 48 3
39 51 7
39 52 2
39 54 2
39 55 8
39 56 3
39 57 1
39 59 9
39 60 2
39 64 10
39 66 3
39 67 8
39 68 8
39 72 8
39 74 4
39 77 10
40 1 4
40 5 9
40 8 2
40 9 8
40 11 4
40 12 3
40 16 1
40 21 4
40 22 6
40 25 7
40 26 8
40 27 8
40 28 8
40 31 8
40 38 2
40 39 3
40 41 8
40 42 5
40 46 2
40 47 7
40 48 2
40 51 5
40 53 8
40 54 1
40 55 5
40 56 9
40 62 8
40 64 5
40 65 2
40 68 8
40 71 1
40 75 1
40 76 3
40 77 10
40 78 4
41 3 3
41 4 4
41 5 8
41 6 1
41 8 8
41 12 7
41 13 4
41 15 1
41 16 3
41 17 4
41 19 1
41 23 7
41 26 4
41 27 4
41 28 4
41 29 6
41 30 9
41 33 5
41 34 6
41 35 10
41 37 5
41 38 2
41 39 7
41 40 8
41 42 5
41 44 6
41 45 4
41 47 7
41 49 9
41 52 8
41 53 7
41 55 4
41 58 4
41 59 7
41 65 1
41 69 5
41 71 3
41 72 9
41 75 4
41 76 2
41 77 1
42 3 10
42 4 3
42 5 9
42 6 2
42 13 3
42 17 7
42 19 10
42 20 1
42 21 5
42 24 5
42 27 10
42 28 8
42 30 7
42 31 2
42 35 3
42 38 9
42 40 5
42 41 5
42 43 10
42 44 7
42 45 5
42 47 7
42 48 3
42 50 3
42 54 10
42 55 8
42 56 2
42 62 3
42 65 1
42 67 1
42 69 1
42 72 1
42 73 10
42 74 5
42 77 3
42 78 6
42 79 4
43 1 7
43 2 3
43 6 6
43 10 1
43 11 7
43 16 5
43 17 7
43 19 1
43 20 9
43 23 9
43 24 2
43 26 6
43 33 8
43 34 3
43 36 2
43 37 3
43 38 4
43 39 8
43 42 10
43 48 6
43 51 10
43 52 3
43 54 1
43 56 8
43 57 8
43 60 8
43 63 8
43 64 6
43 67 1
43 71 4
43 72 6
43 74 1
43 75 6
43 76 5
43 78 4
44 1 10
44 3 7
44 10 8
44 11 4
44 12 7
44 15 3
44 18 1
44 20 4
44 21 2
44 24 6
44 25 9
44 27 2
44 31 8
44 33 4
44 36 2
44 37 6
44 41 6
44 42 7
44 45 2
44 47 5
44 49 7
44 51 3
44 53 1
44 59 3
44 61 1
44 62 10
44 63 8
44 64 6
44 66 2
44 67 7
44 70 10
44 73 7
44 74 9
44 75 8
44 76 5
44 78 9
45 1 10
45 2 9
45 4 3
45 5 1
45 6 9
45 11 5
45 12 7
45 14 3
45 17 4
45 18 1
45 20 3
45 21 2
45 22 8
45 27 8
45 30 2
45 34 1
45 37 4
45 38 9
45 39 3
45 41 4
45 42 5
45 44 2
45 48 2
45 49 10
45 50 6
45 51 3
45 52 2
45 55 1
45 56 9
45 57 9
45 58 9
45 59 1
45 64 8
45 65 9
45 67 1
45 68 8
45 72 2
45 74 8
45 78 8
45 79 5
46 1 3
46 3 10
46 7 3
46 9 8
46 11 2
46 12 9
46 14 6
46 16 7
46 17 10
46 18 10
46 19 6
46 20 4
46 24 10
46 27 10
46 30 4
46 32 3
46 33 9
46 37 5
46 40 2
46 48 10
46 51 3
46 53 8
46 55 3
46 56 3
46 57 8
46 59 7
46 60 2
46 61 9
46 63 4
46 64 4
46 65 4
46 66 2
46 68 5
46 70 9
46 71 9
46 77 3
46 78 1
47 1 7
47 4 8
47 7 4
47 8 7
47 9 7
47 10 3
47 11 1
47 12 6
47 13 6
47 16 10
47 19 1
47 21 9
47 23 9
47 24 3
47 27 1
47 28 9
47 33 8
47 40 7
47 41 7
47 42 7
47 44 5
47 48 2
47 50 6
47 53 2
47 54 1
47 55 8
47 57 6
47 59 3
47 61 10
47 64 3
47 66 8
47 69 3
47 71 2
47 72 7
47 74 2
47 76 10
47 78 9
47 79 8
48 2 8
48 3 8
48 4 1
48 5 1
48 7 9
48 8 1
48 10 9
48 12 8
48 13 7
48 14 6
48 19 8
48 23 8
48 26 6
48 27 2
48 30 5
48 31 1
48 34 2
48 35 8
48 37 1
48 38 2
48 39 3
48 40 2
48 42 3
48 43 6
48 45 2
48 46 10
48 47 2
48 51 8
48 54 4
48 55 6
48 56 1
48 57 9
48 58 6
48 59 7
48 63 10
48 65 4
48 67 7
48 68 4
48 70 6
48 71 7
48 72 10
48 73 5
48 74 4
48 75 3
48 77 3
48 79 7
49 2 2
49 3 3
49 7 4
49 9 8
49 10 5
49 14 10
49 15 9
49 18 3
49 20 3
49 21 7
49 24 7
49 27 6
49 29 10
49 31 1
49 41 9
49 44 7
49 45 10
49 50 1
49 51 1
49 53 7
49 55 10
49 57 8
49 60 3
49 62 9
49 65 8
49 70 10
49 71 5
49 74 4
49 75 5
49 77 1
49 78 5
49 79 9
50 1 6
50 3 7
50 5 7
50 10 1
50 12 1
50 14 7
50 15 8
50 16 8
50 17 7
50 19 4
50 24 9
50 25 1
50 26 6
50 29 1
50 31 3
50 33 2
50 38 1
50 42 3
50 45 6
50 47 6
50 49 1
50 52 2
50 53 10
50 57 9
50 58 5
50 59 4
50 60 2
50 62 7
50 63 3
50 66 9
50 69 3
50 70 7
50 71 10
50 72 8
50 74 2
50 75 7
50 77 5
50 78 9
51 2 8
51 3 4
51 4 9
51 5 9
51 6 2
51 7 1
51 8 8
51 9 1
51 10 8
51 11 7
51 12 3
51 14 4
51 17 9
51 22 1
51 23 8
51 25 5
51 27 1
51 28 5
51 32 10
51 33 10
51 36 7
51 39 7
51 40 5
51 43 10
51 44 3
51 45 3
51 46 3
51 48 8
51 49 1
51 52 7
51 57 3
51 59 10
51 61 9
51 62 8
51 67 4
51 68 6
51 70 7
51 71 8
51 72 3
51 74 10
51 75 5
51 76 8
51 77 4
51 79 3
52 3 10
52 5 4
52 7 1
52 9 8
52 11 9
52 13 3
52 14 4
52 21 2
52 22 6
52 23 7
52 26 1
52 28 9
52 31 3
52 32 3
52 33 5
52 35 2
52 38 4
52 39 2
52 41 8
52 43 3
52 45 2
52 50 2
52 51 7
52 53 10
52 55 7
52 57 1
52 58 10
52 59 7
52 60 8
52 61 10
52 62 1
52 63 8
52 67 9
52 69 9
52 71 3
52 72 2
52 74 5
52 75 10
52 76 4
52 78 5
53 1 7
53 2 10
53 4 10
53 5 5
53 8 7
53 9 5
53 10 3
53 12 6
53 13 3
53 17 10
53 19 6
53 21 8
53 22 3
53 24 8
53 26 2
53 27 8
53 28 3
53 29 7
53 30 8
53 31 6
53 33 6
53 36 3
53 37 10
53 40 8
53 41 7
53 44 1
53 46 8
53 47 2
53 49 7
53 50 10
53 52 10
53 54 4
53 58 7
53 59 3
53 60 6
53 63 6
53 66 1
53 67 1
53 68 1
53 70 10
53 72 6
53 73 1
53 76 4
54 1 2
54 2 9
54 3 10
54 5 3
54 7 10
54 10 5
54 11 5
54 12 3
54 13 9
54 14 8
54 15 5
54 19 9
54 20 7
54 21 4
54 22 9
54 23 3
54 26 6
54 29 5
54 31 1
54 37 7
54 39 2
54 40 1
54 42 10
54 43 1
54 47 1
54 48 4
54 53 4
54 55 7
54 59 7
54 60 1
54 62 8
54 63 8
54 64 1
54 66 8
54 69 6
54 70 6
54 73 1
54 74 7
54 79 7
55 2 1
55 3 4
55 6 3
55 7 3
55 10 9
55 12 1
55 14 7
55 18 10
55 20 5
55 22 1
55 24 5
55 25 4
55 28 5
55 29 2
55 30 9
55 31 5
55 33 10
55 34 5
55 35 2
55 38 2
55 39 8
55 40 5
55 41 4
55 42 8
55 45 1
55 46 3
55 47 8
55 48 6
55 49 10
55 52 7
55 54 7
55 56 6
55 59 10
55 60 2
55 65 7
55 66 8
55 72 8
55 74 6
55 79 6
56 1 7
56 2 3
56 3 1
56 5 1
56 10 1
56 11 9
56 13 6
56 14 8
56 18 9
56 23 8
56 24 10
56 25 10
56 26 2
56 29 2
56 33 9
56 34 7
56 39 3
56 40 9
56 42 2
56 43 8
56 45 9
56 46 3
56 48 1
56 55 6
56 59 2
56 60 5
56 63 10
56 65 8
56 68 4
56 69 6
56 70 1
56 71 5
56 72 1
56 73 8
56 77 4
56 79 8
57 4 1
57 5 2
57 8 7
57 9 4
57 10 5
57 12 4
57 13 6
57 14 3
57 15 1
57 16 6
57 17 6
57 20 5
57 21 1
57 24 8
57 25 3
57 27 9
57 28 10
57 29 5
57 31 6
57 32 9
57 33 10
57 34 5
57 35 3
57 37 10
57 39 1
57 43 8
57 45 9
57 46 8
57 47 6
57 48 9
57 49 8
57 50 9
57 51 3
57 52 1
57 59 1
57 61 3
57 64 5
57 66 6
57 68 1
57 71 8
57 72 6
57 73 10
57 74 2
57 75 5
57 76 9
57 77 6
57 78 3
58 3 4
58 4 1
58 5 1
58 6 3
58 7 1
58 8 5
58 11 5
58 15 7
58 18 4
58 20 9
58 22 4
58 23 8
58 24 2
58 25 8
58 26 8
58 29 4
58 30 7
58 31 9
58 32 5
58 33 3
58 38 6
58 41 4
58 45 9
58 48 6
58 50 5
58 52 10
58 53 7
58 59 10
58 61 3
58 62 7
58 64 7
58 65 4
58 66 4
58 70 1
58 71 8
58 76 8
58 79 1
59 1 9
59 2 7
59 7 10
59 9 1
59 12 6
59 13 9
59 20 7
59 22 3
59 23 7
59 24 5
59 25 10
59 28 6
59 29 9
59 31 9
59 33 4
59 34 4
59 37 8
59 38 8
59 39 9
59 41 7
59 44 3
59 45 1
59 46 7
59 47 3
59 48 7
59 50 4
59 51 10
59 52 7
59 53 3
59 54 7
59 55 10
59 56 2
59 57 1
59 58 10
59 64 4
59 67 8
59 68 2
59 70 6
59 71 5
59 72 4
59 75 4
59 77 6
59 78 4
59 79 5
60 1 2
60 5 8
60 8 6
60 13 2
60 14 10
60 16 5
60 18 9
60 20 8
60 21 9
60 23 5
60 25 7
60 28 7
60 29 8
60 31 3
60 32 4
60 34 1
60 38 4
60 39 2
60 43 8
60 46 2
60 49 3
60 50 2
60 52 8
60 53 6
60 54 1
60 55 2
60 56 5
60 64 8
60 67 1
60 68 3
60 71 1
60 75 5
60 79 3
61 1 2
61 2 8
61 3 2
61 4 10
61 5 2
61 8 6
61 9 1
61 11 5
61 12 5
61 13 4
61 15 8
61 17 6
61 21 2
61 22 2
61 23 10
61 24 1
61 25 9
61 26 8
61 34 10
61 35 9
61 36 1
61 37 7
61 38 8
61 44 1
61 46 9
61 47 10
61 51 9
61 52 10
61 57 3
61 58 3
61 63 7
61 64 8
61 65 3
61 66 9
61 68 1
61 69 9
61 70 5
61 74 7
61 75 10
61 76 5
61 78 8
62 1 1
62 2 9
62 3 10
62 4 8
62 5 3
62 7 4
62 9 10
62 10 9
62 12 5
62 16 4
62 21 2
62 24 8
62 25 6
62 26 2
62 27 7
62 28 8
62 31 3
62 33 8
62 35 5
62 36 10
62 37 4
62 40 8
62 42 3
62 44 10
62 49 9
62 50 7
62 51 8
62 52 1
62 54 8
62 58 7
62 63 1
62 68 10
62 71 5
62 74 10
62 77 7
62 78 4
62 79 7
63 2 5
63 5 9
63 7 5
63 16 3
63 17 4
63 18 1
63 20 6
63 24 3
63 26 6
63 27 7
63 31 9
63 32 9
63 34 8
63 35 1
63 37 2
63 38 5
63 43 8
63 44 8
63 46 4
63 48 10
63 50 3
63 52 8
63 53 6
63 54 8
63 56 10
63 61 7
63 62 1
63 64 7
63 66 1
63 68 8
63 72 8
63 73 4
63 74 7
63 75 3
63 77 6
63 78 10
63 79 8
64 1 7
64 4 3
64 7 5
64 9 5
64 12 3
64 14 10
64 19 7
64 21 5
64 22 8
64 23 2
64 26 1
64 28 7
64 29 10
64 30 10
64 31 1
64 32 5
64 35 9
64 37 2
64 38 5
64 39 10
64 40 5
64 43 6
64 44 6
64 45 8
64 46 4
64 47 3
64 54 1
64 57 5
64 58 7
64 59 4
64 60 8
64 61 8
64 63 7
64 66 4
64 67 6
64 69 10
64 71 4
64 75 3
64 76 7
64 77 8
65 7 4
65 8 5
65 10 1
65 12 3
65 15 4
65 16 10
65 18 9
65 20 5
65 21 3
65 22 2
65 23 2
65 27 2
65 28 7
65 33 8
65 36 2
65 38 7
65 40 2
65 41 1
65 42 1
65 45 9
65 46 4
65 48 4
65 49 8
65 55 7
65 56 8
65 58 4
65 61 3
65 66 9
65 69 6
65 70 3
65 73 7
65 74 2
65 76 7
65 79 6
66 2 10
66 4 6
66 5 10
66 7 10
66 10 7
66 12 8
66 16 5
66 17 10
66 18 6
66 19 5
66 20 3
66 22 10
66 24 7
66 26 6
66 27 7
66 28 5
66 29 1
66 32 5
66 33 10
66 36 4
66 38 10
66 39 3
66 44 2
66 46 2
66 47 8
66 50 9
66 53 1
66 54 8
66 55 8
66 57 6
66 58 4
66 61 9
66 63 1
66 64 4
66 65 9
66 67 6
66 68 3
66 69 7
66 70 6
66 71 9
66 73 6
66 76 5
66 78 6
66 79 9
67 1 9
67 3 2
67 4 5
67 5 9
67 7 1
67 9 6
67 14 10
67 16 4
67 18 6
67 21 5
67 22 4
67 24 8
67 25 3
67 26 9
67 29 7
67 32 9
67 33 8
67 34 4
67 37 7
67 39 8
67 42 1
67 43 1
67 44 7
67 45 1
67 48 7
67 51 4
67 52 9
67 53 1
67 59 8
67 60 1
67 64 6
67 66 6
67 70 7
67 71 5
67 72 9
67 73 9
67 76 8
67 77 3
67 78 1
67 79 1
68 2 8
68 3 10
68 5 2
68 6 9
68 8 2
68 10 5
68 11 7
68 13 6
68 14 2
68 15 10
68 16 2
68 20 3
68 21 2
68 24 6
68 26 6
68 28 3
68 29 4
68 30 3
68 31 5
68 32 2
68 34 6
68 35 8
68 36 6
68 37 6
68 38 10
68 39 8
68 40 8
68 45 8
68 46 5
68 48 4
68 51 6
68 53 1
68 56 4
68 57 1
68 59 2
68 60 3
68 61 1
68 62 10
68 63 8
68 66 3
68 69 2
68 70 10
68 73 8
68 75 2
69 1 6
69 2 10
69 3 6
69 4 10
69 6 9
69 10 2
69 15 3
69 16 2
69 17 9
69 18 6
69 21 5
69 22 7
69 23 10
69 26 7
69 28 6
69 29 1
69 30 10
69 31 10
69 32 8
69 33 4
69 37 4
69 41 5
69 42 1
69 47 3
69 50 3
69 52 9
69 54 6
69 56 6
69 61 9
69 64 10
69 65 6
69 66 7
69 68 2
69 70 2
69 71 4
69 72 2
69 73 7
69 75 6
69 76 4
69 77 10
69 78 5
70 5 10
70 6 5
70 9 5
70 10 3
70 11 8
70 13 5
70 17 7
70 19 9
70 22 7
70 25 7
70 30 4
70 31 8
70 32 1
70 38 5
70 44 10
70 46 9
70 48 6
70 49 10
70 50 7
70 51 7
70 53 10
70 54 6
70 56 1
70 58 1
70 59 6
70 61 5
70 65 3
70 66 6
70 67 7
70 68 10
70 69 2
70 76 9
70 78 10
71 1 6
71 2 2
71 10 4
71 11 5
71 14 10
71 15 8
71 17 8
71 18 8
71 19 1
71 20 10
71 21 2
71 22 2
71 25 3
71 27 6
71 29 8
71 31 9
71 33 3
71 37 1
71 40 1
71 41 3
71 43 4
71 46 9
71 47 2
71 48 7
71 49 5
71 50 10
71 51 8
71 52 3
71 56 5
71 57 8
71 58 8
71 59 5
71 60 1
71 62 5
71 64 4
71 66 9
71 67 5
71 69 4
71 72 4
71 74 6
71 75 1
71 76 7
72 7 3
72 9 9
72 15 8
72 18 7
72 19 10
72 20 10
72 21 8
72 24 4
72 29 5
72 30 1
72 31 4
72 33 4
72 39 8
72 41 9
72 42 1
72 43 6
72 45 2
72 47 7
72 48 10
72 50 8
72 51 3
72 52 2
72 53 6
72 55 8
72 56 1
72 57 6
72 59 4
72 63 8
72 67 9
72 69 2
72 71 4
72 73 7
72 75 7
72 76 2
72 77 6
72 79 3
73 2 4
73 4 8
73 5 8
73 9 2
73 12 8
73 13 1
73 14 9
73 17 7
73 18 9
73 19 9
73 20 2
73 22 1
73 23 10
73 27 7
73 35 5
73 36 3
73 38 10
73 42 10
73 44 7
73 48 5
73 53 1
73 54 1
73 56 8
73 57 10
73 63 4
73 65 7
73 66 6
73 67 9
73 68 8
73 69 7
73 72 7
73 74 8
73 77 3
73 78 10
74 1 2
74 2 1
74 3 8
74 4 3
74 6 4
74 9 1
74 10 2
74 11 8
74 15 10
74 16 2
74 17 2
74 19 7
74 20 7
74 23 6
74 26 2
74 28 8
74 29 2
74 31 2
74 34 9
74 35 7
74 38 3
74 39 4
74 42 5
74 43 1
74 44 9
74 45 8
74 47 2
74 48 4
74 49 4
74 50 2
74 51 10
74 52 5
74 54 7
74 55 6
74 57 2
74 61 7
74 62 10
74 63 7
74 65 2
74 71 6
74 73 8
74 75 5
74 76 2
74 78 3
74 79 2
75 1 3
75 2 6
75 4 9
75 8 3
75 12 9
75 14 6
75 17 5
75 18 4
75 22 9
75 23 10
75 24 5
75 25 1
75 26 5
75 27 1
75 29 4
75 30 2
75 31 4
75 36 9
75 38 9
75 40 1
75 41 4
75 43 6
75 44 8
75 48 3
75 49 5
75 50 7
75 51 5
75 52 10
75 57 5
75 59 4
75 60 5
75 61 10
75 63 3
75 64 3
75 68 2
75 69 6
75 71 1
75 72 7
75 74 5
75 76 6
75 77 9
75 78 10
76 3 9
76 6 1
76 10 6
76 16 10
76 17 3
76 20 8
76 23 2
76 25 8
76 26 6
76 29 1
76 33 9
76 34 7
76 36 9
76 37 3
76 38 6
76 40 3
76 41 2
76 43 5
76 44 5
76 47 10
76 51 8
76 52 4
76 53 4
76 57 9
76 58 8
76 61 5
76 64 7
76 65 7
76 66 5
76 67 8
76 69 4
76 70 9
76 71 7
76 72 2
76 74 2
76 75 6
76 77 3
76 78 6
76 79 7
77 2 7
77 5 3
77 8 6
77 10 2
77 12 6
77 15 1
77 16 1
77 17 5
77 19 4
77 21 4
77 23 2
77 32 10
77 34 4
77 35 7
77 37 6
77 39 10
77 40 10
77 41 1
77 42 3
77 46 3
77 48 3
77 49 1
77 50 5
77 51 4
77 56 4
77 57 6
77 59 6
77 62 7
77 63 6
77 64 8
77 67 3
77 69 10
77 72 6
77 73 3
77 75 9
77 76 3
77 78 7
77 79 4
78 1 8
78 3 3
78 4 10
78 6 8
78 7 1
78 9 3
78 10 10
78 13 6
78 16 7
78 18 1
78 20 3
78 21 4
78 22 3
78 23 7
78 24 2
78 25 3
78 27 8
78 28 6
78 29 9
78 31 2
78 32 3
78 34 7
78 36 3
78 40 4
78 42 6
78 43 4
78 44 9
78 45 8
78 46 1
78 47 9
78 49 5
78 50 9
78 52 5
78 57 3
78 59 4
78 61 8
78 62 4
78 63 10
78 66 6
78 67 1
78 69 5
78 70 10
78 73 10
78 74 3
78 75 10
78 76 6
78 77 7
3 t 1
4 t 1
6 t 4
9 t 8
11 t 2
12 t 10
16 t 10
21 t 7
24 t 3
29 t 1
32 t 6
33 t 5
34 t 9
38 t 3
42 t 4
45 t 5
47 t 8
48 t 7
49 t 9
51 t 3
54 t 7
55 t 6
56 t 8
58 t 1
59 t 5
60 t 3
62 t 7
63 t 8
65 t 6
66 t 9
67 t 1
72 t 3
74 t 2
76 t 7
77 t 4
