s 2 2
s 3 6
s 5 3
s 6 1
s 7 9
s 10 5
s 12 8
s 14 4
s 16 4
s 18 5
s 20 4
s 21 6
s 26 10
s 27 10
s 28 1
s 30 4
s 34 5
s 38 9
s 39 2
s 41 4
s 44 7
s 53 3
s 54 1
s 56 6
s 57 6
s 58 1
s 61 6
s 66 5
s 67 8
s 73 5
s 75 7
s 79 9
s 82 9
s 83 8
s 88 10
1 3 10
1 4 6
1 5 5
1 7 1
1 8 4
1 9 5
1 12 5
1 13 3
1 15 3
1 17 2
1 19 2
1 20 6
1 21 9
1 23 5
1 29 2
1 30 3
1 32 2
1 34 4
1 35 7
1 36 9
1 37 3
1 41 4
1 42 2
1 48 7
1 53 5
1 56 3
1 57 6
1 60 1
1 64 9
1 70 3
1 71 3
1 72 5
1 74 6
1 75 5
1 77 3
1 81 2
1 82 7
1 84 10
1 86 1
1 88 2
2 3 1
2 5 6
2 6 5
2 7 6
2 9 8
2 10 6
2 11 6
2 12 2
2 18 3
2 19 10
2 22 2
2 24 3
2 25 7
2 27 4
2 28 3
2 30 10
2 34 7
2 35 7
2 36 5
2 38 5
2 39 9
2 40 2
2 41 1
2 42 5
2 43 9
2 45 1
2 46 2
2 47 7
2 49 8
2 50 8
2 53 2
2 54 4
2 55 4
2 59 1
2 65 10
2 68 2
2 71 6
2 75 3
2 77 8
2 78 9
2 80 4
2 82 2
2 83 5
2 87 1
3 1 10
3 2 1
3 4 6
3 6 5
3 8 7
3 13 2
3 14 2
3 15 6
3 16 9
3 18 8
3 19 6
3 20 7
3 21 2
3 22 8
3 25 4
3 29 5
3 30 2
3 33 5
3 38 2
3 40 2
3 41 8
3 45 3
3 47 1
3 50 4
3 52 10
3 53 7
3 55 4
3 57 8
3 59 10
3 60 2
3 61 1
3 63 3
3 67 2
3 69 6
3 74 2
3 75 7
3 77 6
3 78 9
3 79 5
3 82 6
3 85 8
3 87 9
3 88 7
3 89 5
4 1 6
4 3 6
4 5 1
4 6 8
4 7 10
4 8 8
4 9 10
4 12 5
4 16 7
4 18 8
4 19 6
4 20 4
4 22 1
4 26 2
4 27 8
4 29 2
4 30 5
4 31 9
4 35 3
4 36 3
4 38 7
4 39 8
4 42 7
4 43 3
4 45 9
4 46 6
4 51 10
4 54 3
4 55 1
4 57 7
4 59 9
4 60 3
4 62 2
4 64 4
4 65 2
4 66 2
4 69 10
4 71 8
4 72 2
4 75 5
4 77 6
4 78 7
4 79 10
4 86 9
4 89 6
5 1 5
5 2 6
5 4 1
5 6 8
5 7 8
5 8 6
5 9 10
5 10 3
5 12 1
5 14 5
5 17 5
5 18 4
5 21 3
5 23 2
5 27 9
5 30 6
5 33 2
5 34 5
5 36 7
5 39 3
5 41 8
5 42 6
5 43 10
5 44 8
5 47 9
5 49 8
5 51 10
5 52 1
5 54 6
5 58 9
5 61 8
5 62 6
5 65 9
5 70 3
5 71 8
5 72 6
5 75 5
5 78 2
5 79 2
5 82 9
5 83 3
5 84 7
5 85 4
5 87 3
6 2 5
6 3 5
6 4 8
6 5 8
6 7 6
6 8 1
6 11 1
6 12 7
6 13 7
6 14 5
6 17 4
6 18 6
6 19 8
6 21 9
6 23 10
6 25 4
6 26 6
6 28 7
6 29 4
6 30 2
6 31 3
6 32 1
6 33 5
6 34 2
6 36 4
6 38 4
6 39 6
6 42 3
6 43 1
6 44 6
6 45 2
6 46 1
6 47 9
6 52 5
6 55 6
6 56 1
6 57 9
6 58 9
6 61 10
6 62 7
6 64 5
6 66 8
6 67 10
6 69 8
6 71 8
6 72 5
6 75 7
6 77 7
6 78 2
6 79 10
6 80 4
6 81 6
6 82 3
6 83 10
6 84 8
6 85 5
6 88 8
7 1 1
7 2 6
7 4 10
7 5 8
7 6 6
7 8 2
7 9 2
7 11 9
7 13 8
7 14 1
7 15 10
7 17 8
7 24 3
7 25 10
7 26 9
7 27 6
7 28 3
7 31 4
7 33 6
7 35 1
7 37 2
7 38 9
7 39 3
7 40 4
7 41 6
7 46 8
7 48 3
7 55 4
7 56 4
7 59 3
7 61 4
7 62 6
7 63 8
7 64 3
7 65 3
7 66 10
7 67 6
7 68 10
7 70 1
7 71 9
7 72 10
7 75 6
7 83 3
7 84 8
7 85 5
7 86 10
7 87 4
8 1 4
8 3 7
8 4 8
8 5 6
8 6 1
8 7 2
8 9 8
8 10 8
8 11 9
8 15 9
8 16 9
8 22 2
8 23 6
8 25 8
8 28 7
8 30 8
8 32 10
8 33 7
8 34 9
8 35 4
8 36 4
8 39 10
8 41 2
8 42 4
8 43 4
8 46 2
8 48 5
8 54 3
8 55 2
8 58 10
8 59 7
8 61 8
8 64 9
8 67 1
8 68 10
8 69 4
8 70 1
8 73 10
8 74 5
8 75 8
8 82 3
8 86 6
8 89 2
9 1 5
9 2 8
9 4 10
9 5 10
9 7 2
9 8 8
9 10 10
9 13 2
9 15 5
9 17 9
9 21 1
9 23 9
9 26 2
9 27 7
9 28 2
9 30 2
9 31 3
9 32 4
9 33 4
9 34 10
9 40 5
9 41 9
9 42 1
9 44 6
9 45 2
9 46 4
9 48 3
9 49 7
9 50 5
9 53 2
9 57 1
9 58 10
9 59 1
9 62 3
9 63 2
9 65 9
9 67 10
9 68 7
9 69 2
9 71 2
9 72 2
9 73 1
9 75 2
9 76 10
9 81 8
9 82 1
9 84 7
9 85 5
9 86 2
9 87 6
9 88 9
9 89 9
10 2 6
10 5 3
10 8 8
10 9 10
10 11 3
10 15 8
10 19 8
10 22 6
10 23 4
10 24 2
10 28 4
10 29 10
10 32 10
10 39 10
10 41 2
10 42 10
10 43 8
10 46 2
10 48 10
10 49 5
10 52 9
10 53 4
10 54 3
10 55 5
10 56 9
10 57 6
10 58 6
10 62 10
10 65 4
10 67 8
10 68 10
10 69 10
10 71 1
10 72 5
10 74 6
10 76 4
10 78 8
10 79 4
10 81 6
10 82 6
10 83 4
10 85 6
10 89 5
11 2 6
11 6 1
11 7 9
11 8 9
11 10 3
11 12 4
11 18 1
11 22 7
11 23 3
11 24 1
11 26 2
11 29 5
11 30 9
11 31 5
11 32 2
11 33 1
11 36 1
11 39 1
11 40 7
11 41 5
11 44 6
11 48 8
11 49 7
11 50 8
11 51 4
11 54 6
11 55 7
11 56 8
11 57 9
11 61 7
11 62 5
11 65 3
11 69 5
11 70 9
11 72 7
11 73 10
11 74 7
11 75 9
11 77 5
11 78 9
11 81 4
11 87 8
11 88 6
12 1 5
12 2 2
12 4 5
12 5 1
12 6 7
12 11 4
12 13 4
12 16 6
12 18 5
12 22 2
12 23 9
12 24 7
12 26 6
12 27 3
12 28 3
12 31 1
12 33 10
12 34 8
12 36 6
12 38 7
12 41 4
12 43 4
12 45 1
12 47 1
12 50 4
12 52 8
12 53 8
12 54 8
12 55 2
12 56 2
12 60 2
12 61 5
12 62 9
12 66 2
12 67 4
12 68 2
12 72 1
12 77 5
12 84 7
12 87 1
12 88 6
13 1 3
13 3 2
13 6 7
13 7 8
13 9 2
13 12 4
13 18 4
13 19 10
13 20 2
13 21 5
13 22 6
13 23 3
13 24 5
13 26 3
13 28 3
13 34 3
13 36 1
13 38 10
13 40 8
13 41 3
13 43 1
13 44 1
13 45 3
13 46 8
13 47 7
13 48 5
13 56 5
13 58 10
13 60 7
13 61 9
13 63 3
13 64 6
13 67 3
13 69 1
13 73 9
13 74 8
13 78 9
13 84 2
13 86 4
13 87 4
14 3 2
14 5 5
14 6 5
14 7 1
14 15 8
14 16 2
14 19 4
14 20 6
14 27 9
14 28 5
14 29 1
14 36 7
14 38 10
14 40 3
14 41 3
14 42 6
14 43 10
14 47 7
14 48 10
14 52 7
14 55 3
14 56 5
14 57 10
14 58 10
14 63 4
14 68 3
14 69 4
14 71 9
14 73 8
14 76 5
14 78 7
14 81 3
14 85 6
14 87 9
15 1 3
15 3 6
15 7 10
15 8 9
15 9 5
15 10 8
15 14 8
15 16 1
15 20 3
15 21 6
15 24 4
15 25 7
15 26 5
15 29 10
15 31 2
15 33 2
15 34 4
15 37 6
15 38 1
15 40 9
15 41 5
15 42 10
15 43 2
15 44 10
15 46 4
15 48 2
15 49 1
15 50 4
15 52 6
15 53 8
15 55 3
15 58 5
15 60 8
15 62 6
15 68 6
15 69 4
15 71 2
15 73 7
15 75 4
15 76 3
15 77 1
15 80 4
15 82 8
15 85 2
16 3 9
16 4 7
16 8 9
16 12 6
16 14 2
16 15 1
16 21 7
16 22 8
16 27 5
16 31 9
16 32 1
16 35 1
16 36 4
16 38 7
16 39 5
16 41 10
16 42 1
16 46 1
16 47 9
16 48 1
16 51 2
16 54 10
16 55 10
16 56 3
16 57 4
16 58 9
16 60 9
16 63 7
16 65 2
16 66 7
16 68 7
16 70 7
16 71 6
16 74 1
16 76 8
16 77 10
16 78 2
16 79 10
16 81 5
16 83 3
16 86 5
17 1 2
17 5 5
17 6 4
17 7 8
17 9 9
17 19 6
17 23 8
17 24 5
17 25 8
17 27 7
17 28 9
17 29 10
17 31 3
17 32 10
17 33 5
17 36 1
17 37 7
17 39 1
17 41 9
17 42 10
17 45 2
17 47 2
17 49 7
17 50 5
17 51 3
17 53 7
17 54 10
17 56 8
17 57 6
17 58 4
17 60 4
17 64 7
17 65 6
17 67 10
17 69 9
17 72 10
17 74 7
17 75 6
17 81 7
17 83 8
17 84 7
17 85 2
17 89 7
18 2 3
18 3 8
18 4 8
18 5 4
18 6 6
18 11 1
18 12 5
18 13 4
18 19 9
18 23 2
18 24 6
18 25 4
18 26 10
18 27 5
18 30 9
18 31 3
18 32 7
18 33 4
18 35 9
18 40 6
18 42 10
18 43 5
18 44 7
18 46 6
18 49 8
18 51 6
18 52 2
18 53 4
18 58 3
18 61 2
18 63 9
18 64 10
18 65 7
18 66 10
18 67 3
18 69 4
18 70 3
18 71 7
18 74 6
18 76 8
18 77 5
18 79 4
18 82 10
18 83 10
18 84 3
18 85 5
18 86 2
18 89 6
19 1 2
19 2 10
19 3 6
19 4 6
19 6 8
19 10 8
19 13 10
19 14 4
19 17 6
19 18 9
19 24 9
19 26 1
19 27 7
19 28 8
19 31 2
19 33 6
19 36 9
19 37 1
19 38 1
19 39 7
19 45 3
19 46 3
19 48 10
19 49 2
19 50 4
19 52 10
19 53 7
19 54 6
19 55 4
19 57 9
19 58 4
19 60 5
19 61 3
19 62 8
19 63 8
19 68 7
19 69 6
19 73 4
19 74 4
19 76 10
19 77 4
19 79 7
19 80 6
19 83 6
19 85 7
20 1 6
20 3 7
20 4 4
20 13 2
20 14 6
20 15 3
20 23 6
20 27 1
20 28 3
20 31 8
20 32 9
20 33 1
20 41 2
20 42 9
20 43 6
20 46 6
20 53 2
20 55 2
20 59 3
20 60 1
20 61 1
20 64 7
20 65 7
20 67 2
20 68 1
20 69 10
20 70 3
20 71 7
20 74 5
20 77 1
20 80 9
20 85 5
20 87 2
21 1 9
21 3 2
21 5 3
21 6 9
21 9 1
21 13 5
21 15 6
21 16 7
21 23 5
21 27 7
21 30 10
21 31 10
21 35 8
21 37 6
21 39 1
21 41 8
21 44 3
21 46 1
21 48 10
21 54 10
21 55 5
21 56 2
21 58 9
21 59 5
21 60 1
21 61 4
21 62 5
21 64 8
21 65 3
21 67 2
21 68 2
21 70 10
21 74 4
21 75 4
21 76 8
21 77 10
21 78 8
21 79 10
21 81 9
21 82 1
21 83 7
21 85 5
21 89 8
22 2 2
22 3 8
22 4 1
22 8 2
22 10 6
22 11 7
22 12 2
22 13 6
22 16 8
22 23 2
22 24 2
22 25 2
22 26 6
22 27 7
22 28 7
22 30 6
22 34 6
22 37 7
22 39 9
22 41 9
22 43 9
22 47 10
22 48 8
22 49 4
22 50 7
22 56 5
22 57 4
22 60 4
22 64 2
22 65 9
22 67 2
22 68 2
22 71 8
22 72 5
22 73 3
22 75 2
22 76 3
22 77 2
22 79 9
22 81 6
22 83 8
22 88 4
22 89 1
23 1 5
23 5 2
23 6 10
23 8 6
23 9 9
23 10 4
23 11 3
23 12 9
23 13 3
23 17 8
23 18 2
23 20 6
23 21 5
23 22 2
23 24 10
23 27 9
23 29 9
23 30 6
23 31 9
23 33 2
23 34 1
23 35 8
23 37 4
23 38 10
23 39 1
23 40 5
23 41 2
23 42 6
23 43 3
23 44 8
23 45 8
23 46 7
23 48 10
23 49 9
23 51 9
23 52 9
23 53 9
23 54 3
23 56 10
23 57 4
23 58 2
23 62 5
23 63 10
23 67 4
23 68 8
23 69 5
23 70 7
23 71 3
23 72 6
23 73 7
23 74 10
23 76 7
23 78 7
23 81 1
23 83 9
23 85 7
23 86 1
23 87 1
23 88 2
24 2 3
24 7 3
24 10 2
24 11 1
24 12 7
24 13 5
24 15 4
24 17 5
24 18 6
24 19 9
24 22 2
24 23 10
24 26 6
24 37 9
24 38 1
24 39 1
24 42 10
24 46 4
24 47 3
24 48 8
24 49 6
24 53 1
24 54 4
24 55 10
24 58 8
24 59 10
24 67 9
24 68 7
24 70 10
24 71 1
24 76 2
24 78 3
24 82 7
24 85 3
24 86 2
24 88 4
25 2 7
25 3 4
25 6 4
25 7 10
25 8 8
25 15 7
25 17 8
25 18 4
25 22 2
25 27 9
25 28 2
25 30 3
25 31 7
25 32 7
25 33 1
25 34 5
25 35 3
25 37 9
25 38 7
25 39 2
25 42 3
25 44 2
25 46 4
25 47 10
25 48 7
25 51 1
25 52 6
25 54 9
25 55 9
25 56 7
25 57 3
25 58 9
25 59 5
25 61 2
25 62 5
25 63 5
25 65 2
25 66 2
25 67 9
25 69 2
25 71 3
25 76 1
25 77 8
25 81 9
25 82 5
25 85 3
25 86 1
25 87 5
26 4 2
26 6 6
26 7 9
26 9 2
26 11 2
26 12 6
26 13 3
26 15 5
26 18 10
26 19 1
26 22 6
26 24 6
26 27 4
26 30 8
26 31 8
26 33 6
26 34 2
26 35 8
26 39 10
26 41 9
26 42 7
26 43 3
26 44 1
26 46 9
26 47 1
26 49 8
26 50 10
26 51 7
26 53 10
26 54 5
26 56 4
26 60 3
26 61 5
26 62 7
26 63 4
26 64 7
26 67 9
26 68 5
26 70 4
26 71 3
26 72 5
26 75 2
26 76 6
26 78 8
26 80 1
26 82 4
26 83 7
26 86 2
26 87 2
26 89 9
27 2 4
27 4 8
27 5 9
27 7 6
27 9 7
27 12 3
27 14 9
27 16 5
27 17 7
27 18 5
27 19 7
27 20 1
27 21 7
27 22 7
27 23 9
27 25 9
27 26 4
27 28 9
27 30 4
27 31 10
27 32 10
27 33 6
27 34 9
27 35 6
27 38 6
27 39 6
27 40 5
27 43 2
27 45 8
27 50 6
27 53 3
27 54 7
27 55 7
27 56 5
27 58 7
27 61 4
27 64 4
27 66 5
27 67 5
27 69 4
27 70 4
27 72 10
27 75 5
27 76 4
27 77 5
27 79 2
27 81 3
27 82 1
27 84 3
27 85 3
27 86 4
27 88 3
28 2 3
28 6 7
28 7 3
28 8 7
28 9 2
28 10 4
28 12 3
28 13 3
28 14 5
28 17 9
28 19 8
28 20 3
28 22 7
28 25 2
28 27 9
28 29 10
28 32 5
28 34 2
28 35 2
28 36 1
28 42 2
28 50 8
28 52 2
28 53 5
28 54 3
28 59 2
28 62 8
28 65 4
28 69 6
28 70 4
28 71 7
28 73 9
28 74 10
28 75 8
28 77 1
28 78 5
28 79 5
28 82 9
28 83 6
28 84 4
28 85 10
28 88 5
28 89 1
29 1 2
29 3 5
29 4 2
29 6 4
29 10 10
29 11 5
29 14 1
29 15 10
29 17 10
29 23 9
29 28 10
29 30 8
29 32 5
29 33 2
29 39 1
29 45 10
29 47 6
29 48 8
29 49 8
29 50 3
29 51 6
29 53 6
29 55 8
29 57 10
29 58 9
29 59 5
29 60 5
29 62 4
29 63 3
29 66 1
29 67 3
29 68 1
29 69 2
29 72 6
29 73 7
29 74 5
29 76 7
29 77 5
29 78 8
29 79 10
29 81 4
29 82 3
29 88 10
30 1 3
30 2 10
30 3 2
30 4 5
30 5 6
30 6 2
30 8 8
30 9 2
30 11 9
30 18 9
30 21 10
30 22 6
30 23 6
30 25 3
30 26 8
30 27 4
30 29 8
30 32 9
30 34 6
30 35 6
30 36 7
30 38 8
30 40 4
30 41 6
30 45 9
30 47 3
30 48 4
30 49 5
30 53 1
30 54 10
30 55 4
30 59 1
30 60 3
30 65 10
30 68 5
30 69 3
30 70 4
30 72 4
30 73 6
30 75 6
30 76 3
30 78 10
30 81 10
30 82 3
30 86 10
30 87 5
30 89 6
31 4 9
31 6 3
31 7 4
31 9 3
31 11 5
31 12 1
31 15 2
31 16 9
31 17 3
31 18 3
31 19 2
31 20 8
31 21 10
31 23 9
31 25 7
31 26 8
31 27 10
31 33 1
31 35 1
31 36 10
31 41 3
31 45 2
31 47 2
31 48 8
31 50 1
31 52 3
31 53 9
31 54 4
31 56 9
31 57 7
31 58 1
31 63 6
31 66 9
31 69 10
31 71 6
31 72 3
31 73 10
31 74 2
31 76 1
31 79 6
31 80 1
31 81 6
31 84 10
31 87 10
32 1 2
32 6 1
32 8 10
32 9 4
32 10 10
32 11 2
32 16 1
32 17 10
32 18 7
32 20 9
32 25 7
32 27 10
32 28 5
32 29 5
32 30 9
32 33 9
32 34 8
32 37 10
32 38 4
32 39 2
32 44 9
32 46 5
32 47 3
32 48 9
32 49 6
32 51 8
32 52 10
32 53 7
32 55 10
32 59 3
32 61 2
32 62 10
32 63 3
32 66 9
32 67 6
32 68 8
32 70 4
32 73 1
32 76 4
32 77 5
32 78 1
32 80 3
32 81 7
32 82 2
32 83 10
32 84 6
32 85 3
32 86 2
32 87 4
32 89 6
33 3 5
33 5 2
33 6 5
33 7 6
33 8 7
33 9 4
33 11 1
33 12 10
33 15 2
33 17 5
33 18 4
33 19 6
33 20 1
33 23 2
33 25 1
33 26 6
33 27 6
33 29 2
33 31 1
33 32 9
33 35 2
33 36 6
33 37 2
33 39 5
33 42 5
33 43 8
33 47 6
33 52 10
33 55 4
33 56 8
33 60 6
33 61 7
33 63 4
33 65 10
33 66 7
33 71 10
33 75 10
33 78 10
33 79 9
33 82 4
33 84 10
33 89 7
34 1 4
34 2 7
34 5 5
34 6 2
34 8 9
34 9 10
34 12 8
34 13 3
34 15 4
34 22 6
34 23 1
34 25 5
34 26 2
34 27 9
34 28 2
34 30 6
34 32 8
34 35 5
34 37 7
34 38 5
34 41 8
34 42 1
34 46 5
34 48 10
34 50 8
34 52 9
34 54 9
34 57 7
34 62 6
34 65 9
34 66 10
34 68 8
34 72 2
34 75 10
34 76 2
34 77 2
34 78 1
34 79 4
34 81 1
34 87 5
35 1 7
35 2 7
35 4 3
35 7 1
35 8 4
35 16 1
35 18 9
35 21 8
35 23 8
35 25 3
35 26 8
35 27 6
35 28 2
35 30 6
35 31 1
35 33 2
35 34 5
35 36 2
35 37 10
35 38 6
35 40 1
35 42 9
35 45 8
35 46 8
35 47 8
35 48 4
35 49 1
35 50 7
35 52 7
35 57 1
35 58 8
35 59 3
35 60 3
35 66 2
35 68 7
35 70 6
35 72 9
35 74 7
35 75 10
35 77 5
35 78 8
35 79 9
35 81 6
35 82 5
35 83 2
35 85 10
35 87 5
36 1 9
36 2 5
36 4 3
36 5 7
36 6 4
36 8 4
36 11 1
36 12 6
36 13 1
36 14 7
36 16 4
36 17 1
36 19 9
36 28 1
36 30 7
36 31 10
36 33 6
36 35 2
36 37 1
36 38 5
36 40 6
36 45 2
36 47 5
36 48 8
36 49 9
36 50 1
36 51 7
36 52 8
36 53 7
36 55 10
36 56 5
36 64 4
36 69 1
36 73 10
36 75 4
36 76 7
36 77 3
36 79 5
36 81 3
36 82 3
36 85 4
36 87 4
36 88 2
36 89 3
37 1 3
37 7 2
37 15 6
37 17 7
37 19 1
37 21 6
37 22 7
37 23 4
37 24 9
37 25 9
37 32 10
37 33 2
37 34 7
37 35 10
37 36 1
37 39 1
37 40 7
37 41 7
37 42 5
37 43 4
37 45 2
37 46 1
37 49 10
37 50 6
37 53 3
37 54 8
37 56 5
37 57 2
37 60 6
37 62 1
37 64 3
37 65 10
37 68 5
37 70 10
37 71 1
37 72 3
37 74 7
37 75 4
37 77 6
37 80 9
37 81 3
37 84 3
37 86 3
37 89 4
38 2 5
38 3 2
38 4 7
38 6 4
38 7 9
38 12 7
38 13 10
38 14 10
38 15 1
38 16 7
38 19 1
38 23 10
38 24 1
38 25 7
38 27 6
38 30 8
38 32 4
38 34 5
38 35 6
38 36 5
38 39 2
38 40 9
38 43 5
38 47 7
38 49 6
38 50 2
38 54 2
38 56 4
38 57 3
38 58 10
38 59 6
38 60 4
38 63 8
38 65 3
38 66 3
38 70 2
38 73 5
38 74 4
38 76 10
38 77 6
38 78 9
38 83 9
38 84 4
38 85 8
38 86 5
38 87 5
38 88 1
38 89 6
39 2 9
39 4 8
39 5 3
39 6 6
39 7 3
39 8 10
39 10 10
39 11 1
39 16 5
39 17 1
39 19 7
39 21 1
39 22 9
39 23 1
39 24 1
39 25 2
39 26 10
39 27 6
39 29 1
39 32 2
39 33 5
39 37 1
39 38 2
39 40 8
39 44 8
39 47 2
39 48 4
39 53 3
39 56 9
39 62 7
39 64 7
39 65 7
39 66 1
39 67 6
39 68 7
39 71 1
39 74 10
39 77 7
39 80 1
39 81 7
39 82 6
39 85 8
39 89 2
40 2 2
40 3 2
40 7 4
40 9 5
40 11 7
40 13 8
40 14 3
40 15 9
40 18 6
40 23 5
40 27 5
40 30 4
40 35 1
40 36 6
40 37 7
40 38 9
40 39 8
40 43 2
40 48 6
40 50 5
40 51 8
40 53 1
40 55 9
40 56 9
40 58 10
40 59 5
40 62 5
40 63 4
40 66 4
40 68 4
40 69 8
40 70 10
40 71 10
40 74 3
40 75 2
40 77 5
40 79 1
40 80 9
40 82 9
40 86 9
41 1 4
41 2 1
41 3 8
41 5 8
41 7 6
41 8 2
41 9 9
41 10 2
41 11 5
41 12 4
41 13 3
41 14 3
41 15 5
41 16 10
41 17 9
41 20 2
41 21 8
41 22 9
41 23 2
41 26 9
41 30 6
41 31 3
41 34 8
41 37 7
41 42 2
41 43 1
41 44 4
41 45 4
41 46 1
41 47 4
41 48 4
41 49 3
41 53 7
41 54 10
41 57 3
41 59 4
41 60 9
41 61 10
41 64 6
41 69 8
41 70 6
41 71 10
41 73 9
41 74 1
41 75 8
41 79 5
41 81 4
41 82 5
41 85 4
41 87 4
41 88 6
41 89 5
42 1 2
42 2 5
42 4 7
42 5 6
42 6 3
42 8 4
42 9 1
42 10 10
42 14 6
42 15 10
42 16 1
42 17 10
42 18 10
42 20 9
42 23 6
42 24 10
42 25 3
42 26 7
42 28 2
42 33 5
42 34 1
42 35 9
42 37 5
42 41 2
42 43 10
42 44 9
42 45 7
42 47 10
42 48 1
42 49 7
42 50 8
42 51 5
42 53 5
42 54 6
42 55 4
42 58 3
42 60 3
42 61 3
42 62 6
42 63 10
42 64 3
42 66 3
42 67 10
42 69 8
42 70 2
42 71 5
42 72 4
42 74 6
42 75 9
42 76 2
42 77 5
42 78 5
42 79 1
42 82 6
42 83 8
42 84 4
42 89 6
43 2 9
43 4 3
43 5 10
43 6 1
43 8 4
43 10 8
43 12 4
43 13 1
43 14 10
43 15 2
43 18 5
43 20 6
43 22 9
43 23 3
43 26 3
43 27 2
43 33 8
43 37 4
43 38 5
43 40 2
43 41 1
43 42 10
43 44 10
43 45 6
43 50 1
43 51 4
43 52 8
43 53 4
43 54 10
43 58 2
43 60 6
43 61 2
43 62 8
43 63 5
43 64 3
43 66 9
43 67 10
43 69 9
43 71 6
43 73 6
43 74 1
43 77 9
43 80 6
43 81 6
43 82 9
43 83 4
43 84 3
43 86 5
43 88 5
44 5 8
44 6 6
44 9 6
44 11 6
44 13 1
44 15 10
44 18 7
44 21 3
44 23 8
44 25 2
44 26 1
44 32 9
44 39 8
44 41 4
44 42 9
44 43 10
44 46 5
44 47 9
44 48 7
44 49 2
44 50 10
44 52 7
44 53 1
44 55 2
44 57 4
44 59 1
44 62 8
44 63 8
44 64 7
44 66 5
44 67 2
44 70 9
44 72 9
44 73 3
44 74 6
44 75 1
44 77 1
44 79 10
44 80 6
44 81 2
44 82 6
44 87 7
44 89 1
45 2 1
45 3 3
45 4 9
45 6 2
45 9 2
45 12 1
45 13 3
45 17 2
45 19 3
45 23 8
45 27 8
45 29 10
45 30 9
45 31 2
45 35 8
45 36 2
45 37 2
45 41 4
45 42 7
45 43 6
45 46 2
45 47 6
45 52 4
45 53 9
45 54 3
45 56 3
45 60 5
45 62 4
45 68 7
45 70 10
45 72 1
45 74 7
45 75 10
45 78 10
45 81 2
45 82 6
45 87 4
45 89 9
46 2 2
46 4 6
46 6 1
46 7 8
46 8 2
46 9 4
46 10 2
46 13 8
46 15 4
46 16 1
46 18 6
46 19 3
46 20 6
46 21 1
46 23 7
46 24 4
46 25 4
46 26 9
46 32 5
46 34 5
46 35 8
46 37 1
46 41 1
46 44 5
46 45 2
46 47 9
46 49 1
46 52 9
46 53 9
46 54 3
46 56 2
46 57 4
46 61 7
46 62 1
46 64 7
46 66 3
46 67 10
46 69 7
46 70 9
46 71 10
46 75 2
46 78 3
46 80 5
46 82 6
46 85 8
46 86 4
47 2 7
47 3 1
47 5 9
47 6 9
47 12 1
47 13 7
47 14 7
47 16 9
47 17 2
47 22 10
47 24 3
47 25 10
47 26 1
47 29 6
47 30 3
47 31 2
47 32 3
47 33 6
47 35 8
47 36 5
47 38 7
47 39 2
47 41 4
47 42 10
47 44 9
47 45 6
47 46 9
47 49 7
47 50 3
47 52 3
47 53 9
47 57 8
47 58 6
47 59 6
47 60 10
47 61 2
47 62 10
47 66 10
47 68 3
47 70 7
47 71 10
47 75 10
47 78 6
47 79 6
47 80 4
47 81 9
47 84 7
47 85 4
47 88 7
48 1 7
48 7 3
48 8 5
48 9 3
48 10 10
48 11 8
48 13 5
48 14 10
48 15 2
48 16 1
48 19 10
48 21 10
48 22 8
48 23 10
48 24 8
48 25 7
48 29 8
48 30 4
48 31 8
48 32 9
48 34 10
48 35 4
48 36 8
48 39 4
48 40 6
48 41 4
48 42 1
48 44 7
48 49 2
48 50 6
48 51 3
48 52 5
48 54 2
48 59 8
48 61 4
48 62 3
48 64 4
48 65 1
48 66 3
48 72 3
48 73 5
48 74 9
48 77 2
48 78 6
48 80 7
48 81 8
48 82 9
48 86 6
49 2 8
49 5 8
49 9 7
49 10 5
49 11 7
49 15 1
49 17 7
49 18 8
49 19 2
49 22 4
49 23 9
49 24 6
49 26 8
49 29 8
49 30 5
49 32 6
49 35 1
49 36 9
49 37 10
49 38 6
49 41 3
49 42 7
49 44 2
49 46 1
49 47 7
49 48 2
49 53 2
49 58 8
49 61 8
49 62 6
49 64 5
49 65 1
49 66 9
49 68 6
49 69 2
49 71 10
49 72 2
49 74 3
49 76 9
49 82 7
49 83 9
50 2 8
50 3 4
50 9 5
50 11 8
50 12 4
50 15 4
50 17 5
50 19 4
50 22 7
50 26 10
50 27 6
50 28 8
50 29 3
50 31 1
50 34 8
50 35 7
50 36 1
50 37 6
50 38 2
50 40 5
50 42 8
50 43 1
50 44 10
50 47 3
50 48 6
50 52 9
50 53 1
50 54 6
50 56 9
50 63 3
50 64 1
50 66 10
50 67 1
50 69 10
50 70 6
50 74 9
50 77 4
50 78 1
50 83 10
50 85 1
50 86 10
50 88 10
51 4 10
51 5 10
51 11 4
51 16 2
51 17 3
51 18 6
51 23 9
51 25 1
51 26 7
51 29 6
51 32 8
51 36 7
51 40 8
51 42 5
51 43 4
51 48 3
51 52 10
51 55 4
51 56 6
51 57 2
51 59 1
51 60 4
51 63 6
51 64 2
51 65 3
51 66 8
51 68 2
51 70 8
51 73 5
51 74 8
51 76 3
51 77 6
51 79 10
51 80 5
51 86 2
52 3 10
52 5 1
52 6 5
52 10 9
52 12 8
52 14 7
52 15 6
52 18 2
52 19 10
52 23 9
52 25 6
52 28 2
52 31 3
52 32 10
52 33 10
52 34 9
52 35 7
52 36 8
52 43 8
52 44 7
52 45 4
52 46 9
52 47 3
52 48 5
52 50 9
52 51 10
52 56 3
52 57 1
52 58 5
52 61 7
52 63 10
52 66 4
52 69 6
52 70 6
52 71 4
52 73 3
52 74 10
52 75 5
52 77 7
52 79 1
52 82 9
52 83 3
52 86 3
53 1 5
53 2 2
53 3 7
53 9 2
53 10 4
53 12 8
53 15 8
53 17 7
53 18 4
53 19 7
53 20 2
53 23 9
53 24 1
53 26 10
53 27 3
53 28 5
53 29 6
53 30 1
53 31 9
53 32 7
53 36 7
53 37 3
53 39 3
53 40 1
53 41 7
53 42 5
53 43 4
53 44 1
53 45 9
53 46 9
53 47 9
53 49 2
53 50 1
53 55 7
53 57 3
53 58 1
53 59 8
53 67 9
53 70 7
53 71 4
53 72 3
53 73 4
53 74 3
53 75 3
53 77 3
53 80 7
53 81 6
53 83 7
53 85 1
53 89 1
54 2 4
54 4 3
54 5 6
54 8 3
54 10 3
54 11 6
54 12 8
54 16 10
54 17 10
54 19 6
54 21 10
54 23 3
54 24 4
54 25 9
54 26 5
54 27 7
54 28 3
54 30 10
54 31 4
54 34 9
54 37 8
54 38 2
54 41 10
54 42 6
54 43 10
54 45 3
54 46 3
54 48 2
54 50 6
54 55 9
54 56 3
54 57 8
54 59 8
54 61 1
54 62 1
54 67 4
54 70 5
54 73 10
54 76 1
54 77 5
54 82 4
54 85 2
54 88 10
55 2 4
55 3 4
55 4 1
55 6 6
55 7 4
55 8 2
55 10 5
55 11 7
55 12 2
55 14 3
55 15 3
55 16 10
55 19 4
55 20 2
55 21 5
55 24 10
55 25 9
55 27 7
55 29 8
55 30 4
55 32 10
55 33 4
55 36 10
55 40 9
55 42 4
55 44 2
55 51 4
55 53 7
55 54 9
55 57 6
55 58 1
55 59 6
55 61 9
55 62 2
55 63 5
55 64 6
55 65 2
55 66 8
55 67 3
55 73 7
55 75 5
55 77 7
55 79 6
55 81 1
55 84 10
55 85 6
55 87 3
56 1 3
56 6 1
56 7 4
56 10 9
56 11 8
56 12 2
56 13 5
56 14 5
56 16 3
56 17 8
56 21 2
56 22 5
56 23 10
56 25 7
56 26 4
56 27 5
56 31 9
56 33 8
56 36 5
56 37 5
56 38 4
56 39 9
56 40 9
56 45 3
56 46 2
56 50 9
56 51 6
56 52 3
56 54 3
56 57 10
56 58 3
56 60 1
56 63 1
56 64 9
56 65 5
56 67 5
56 68 4
56 70 10
56 73 1
56 74 5
56 75 8
56 78 5
56 80 7
56 82 2
56 83 4
56 84 5
56 86 2
56 88 6
57 1 6
57 3 8
57 4 7
57 6 9
57 9 1
57 10 6
57 11 9
57 14 10
57 16 4
57 17 6
57 19 9
57 22 4
57 23 4
57 25 3
57 29 10
57 31 7
57 34 7
57 35 1
57 37 2
57 38 3
57 41 3
57 44 4
57 46 4
57 47 8
57 51 2
57 52 1
57 53 3
57 54 8
57 55 6
57 56 10
57 61 1
57 62 9
57 65 7
57 67 10
57 73 4
57 76 9
57 77 6
57 79 10
57 80 3
57 81 9
57 84 8
57 87 10
57 88 1
57 89 4
58 5 9
58 6 9
58 8 10
58 9 10
58 10 6
58 13 10
58 14 10
58 15 5
58 16 9
58 17 4
58 18 3
58 19 4
58 21 9
58 23 2
58 24 8
58 25 9
58 27 7
58 29 9
58 31 1
58 35 8
58 38 10
58 40 10
58 42 3
58 43 2
58 47 6
58 49 8
58 52 5
58 53 1
58 55 1
58 56 3
58 59 1
58 61 3
58 62 9
58 64 5
58 66 2
58 67 2
58 69 4
58 70 2
58 71 10
58 73 6
58 74 10
58 76 3
58 77 5
58 78 7
58 79 3
58 80 7
58 82 8
59 2 1
59 3 10
59 4 9
59 7 3
59 8 7
59 9 1
59 20 3
59 21 5
59 24 10
59 25 5
59 28 2
59 29 5
59 30 1
59 32 3
59 35 3
59 38 6
59 40 5
59 41 4
59 44 1
59 47 6
59 48 8
59 51 1
59 53 8
59 54 8
59 55 6
59 58 1
59 60 2
59 63 5
59 65 1
59 68 10
59 72 10
59 74 4
59 76 7
59 80 3
59 81 3
59 84 9
59 89 6
60 1 1
60 3 2
60 4 3
60 12 2
60 13 7
60 15 8
60 16 9
60 17 4
60 19 5
60 20 1
60 21 1
60 22 4
60 26 3
60 29 5
60 30 3
60 33 6
60 35 3
60 37 6
60 38 4
60 41 9
60 42 3
60 43 6
60 45 5
60 47 10
60 51 4
60 56 1
60 59 2
60 61 4
60 69 6
60 71 6
60 77 7
60 82 3
60 83 6
60 84 4
60 86 6
61 3 1
61 5 8
61 6 10
61 7 4
61 8 8
61 11 7
61 12 5
61 13 9
61 18 2
61 19 3
61 20 1
61 21 4
61 25 2
61 26 5
61 27 4
61 32 2
61 33 7
61 41 10
61 42 3
61 43 2
61 46 7
61 47 2
61 48 4
61 49 8
61 52 7
61 54 1
61 55 9
61 57 1
61 58 3
61 60 4
61 62 1
61 64 3
61 67 5
61 68 9
61 69 6
61 72 9
61 74 3
61 77 4
61 81 10
61 83 1
61 89 2
62 4 2
62 5 6
62 6 7
62 7 6
62 9 3
62 10 10
62 11 5
62 12 9
62 15 6
62 19 8
62 21 5
62 23 5
62 25 5
62 26 7
62 28 8
62 29 4
62 32 10
62 34 6
62 37 1
62 39 7
62 40 5
62 42 6
62 43 8
62 44 8
62 45 4
62 46 1
62 47 10
62 48 3
62 49 6
62 54 1
62 55 2
62 57 9
62 58 9
62 61 1
62 64 1
62 67 8
62 68 6
62 69 10
62 70 5
62 72 3
62 73 6
62 74 6
62 75 4
62 79 7
62 81 10
62 83 4
62 85 8
62 89 6
63 3 3
63 7 8
63 9 2
63 13 3
63 14 4
63 16 7
63 18 9
63 19 8
63 23 10
63 25 5
63 26 4
63 29 3
63 31 6
63 32 3
63 33 4
63 38 8
63 40 4
63 42 10
63 43 5
63 44 8
63 50 3
63 51 6
63 52 10
63 55 5
63 56 1
63 59 5
63 64 3
63 65 5
63 67 10
63 68 8
63 70 1
63 72 3
63 73 4
63 77 4
63 79 9
63 80 4
63 83 5
63 85 9
63 87 7
64 1 9
64 4 4
64 6 5
64 7 3
64 8 9
64 13 6
64 17 7
64 18 10
64 20 7
64 21 8
64 22 2
64 26 7
64 27 4
64 36 4
64 37 3
64 39 7
64 41 6
64 42 3
64 43 3
64 44 7
64 46 7
64 48 4
64 49 5
64 50 1
64 51 2
64 55 6
64 56 9
64 58 5
64 61 3
64 62 1
64 63 3
64 65 9
64 66 8
64 70 10
64 72 2
64 73 8
64 78 6
64 79 6
64 81 6
64 83 7
64 85 7
64 88 3
64 89 3
65 2 10
65 4 2
65 5 9
65 7 3
65 9 9
65 10 4
65 11 3
65 16 2
65 17 6
65 18 7
65 20 7
65 21 3
65 22 9
65 25 2
65 28 4
65 30 10
65 33 10
65 34 9
65 37 10
65 38 3
65 39 7
65 48 1
65 49 1
65 51 3
65 55 2
65 56 5
65 57 7
65 59 1
65 63 5
65 64 9
65 67 9
65 70 3
65 72 6
65 73 3
65 74 8
65 77 4
65 80 10
65 81 6
65 83 6
66 4 2
66 6 8
66 7 10
66 12 2
66 16 7
66 18 10
66 25 2
66 27 5
66 29 1
66 31 9
66 32 9
66 33 7
66 34 10
66 35 2
66 38 3
66 39 1
66 40 4
66 42 3
66 43 9
66 44 5
66 46 3
66 47 10
66 48 3
66 49 9
66 50 10
66 51 8
66 52 4
66 55 8
66 58 2
66 64 8
66 68 7
66 69 9
66 70 2
66 71 10
66 73 4
66 74 10
66 76 6
66 77 2
66 79 1
66 80 1
66 81 4
66 82 3
66 83 9
66 84 8
66 87 10
67 3 2
67 6 10
67 7 6
67 8 1
67 9 10
67 10 8
67 12 4
67 13 3
67 17 10
67 18 3
67 20 2
67 21 2
67 22 2
67 23 4
67 24 9
67 25 9
67 26 9
67 27 5
67 29 3
67 32 6
67 39 6
67 42 10
67 43 10
67 44 2
67 46 10
67 50 1
67 53 9
67 54 4
67 55 3
67 56 5
67 57 10
67 58 2
67 61 5
67 62 8
67 63 10
67 65 9
67 71 6
67 72 5
67 74 4
67 76 7
67 78 3
67 80 5
67 81 5
67 82 1
67 85 10
67 89 6
68 2 2
68 7 10
68 8 10
68 9 7
68 10 10
68 12 2
68 14 3
68 15 6
68 16 7
68 19 7
68 20 1
68 21 2
68 22 2
68 23 8
68 24 7
68 26 5
68 29 1
68 30 5
68 32 8
68 34 8
68 35 7
68 37 5
68 39 7
68 40 4
68 45 7
68 47 3
68 49 6
68 51 2
68 56 4
68 59 10
68 61 9
68 62 6
68 63 8
68 66 7
68 69 2
68 70 7
68 71 1
68 73 2
68 74 9
68 76 9
68 77 3
68 78 1
68 79 10
68 80 6
68 81 6
68 84 5
68 85 8
68 87 8
68 88 4
69 3 6
69 4 10
69 6 8
69 8 4
69 9 2
69 10 10
69 11 5
69 13 1
69 14 4
69 15 4
69 17 9
69 18 4
69 19 6
69 20 10
69 23 5
69 25 2
69 27 4
69 28 6
69 29 2
69 30 3
69 31 10
69 36 1
69 40 8
69 41 8
69 42 8
69 43 9
69 46 7
69 49 2
69 50 10
69 52 6
69 58 4
69 60 6
69 61 6
69 62 10
69 66 9
69 68 2
69 71 6
69 72 5
69 76 6
69 77 2
69 79 6
69 81 7
69 82 1
69 85 2
69 89 1
70 1 3
70 5 3
70 7 1
70 8 1
70 11 9
70 16 7
70 18 3
70 20 3
70 21 10
70 23 7
70 24 10
70 26 4
70 27 4
70 28 4
70 30 4
70 32 4
70 35 6
70 37 10
70 38 2
70 40 10
70 41 6
70 42 2
70 44 9
70 45 10
70 46 9
70 47 7
70 50 6
70 51 8
70 52 6
70 53 7
70 54 5
70 56 10
70 58 2
70 62 5
70 63 1
70 64 10
70 65 3
70 66 2
70 68 7
70 76 7
70 77 1
70 78 7
70 79 2
70 80 1
70 81 1
70 84 10
70 86 3
70 87 2
70 88 3
71 1 3
71 2 6
71 4 8
71 5 8
71 6 8
71 7 9
71 9 2
71 10 1
71 14 9
71 15 2
71 16 6
71 18 7
71 20 7
71 22 8
71 23 3
71 24 1
71 25 3
71 26 3
71 28 7
71 31 6
71 33 10
71 37 1
71 39 1
71 40 10
71 41 10
71 42 5
71 43 6
71 46 10
71 47 10
71 49 10
71 52 4
71 53 4
71 58 10
71 60 6
71 66 10
71 67 6
71 68 1
71 69 6
71 74 1
71 75 4
71 77 9
71 78 9
71 80 8
71 81 1
71 83 4
71 86 4
71 87 4
71 89 6
72 1 5
72 4 2
72 5 6
72 6 5
72 7 10
72 9 2
72 10 5
72 11 7
72 12 1
72 17 10
72 22 5
72 23 6
72 26 5
72 27 10
72 29 6
72 30 4
72 31 3
72 34 2
72 35 9
72 37 3
72 42 4
72 44 9
72 45 1
72 48 3
72 49 2
72 53 3
72 59 10
72 61 9
72 62 3
72 63 3
72 64 2
72 65 6
72 67 5
72 69 5
72 74 5
72 75 4
72 79 1
72 80 7
72 85 9
72 87 7
72 88 6
73 8 10
73 9 1
73 11 10
73 13 9
73 14 8
73 15 7
73 19 4
73 22 3
73 23 7
73 28 9
73 29 7
73 30 6
73 31 10
73 32 1
73 36 10
73 38 5
73 41 9
73 43 6
73 44 3
73 48 5
73 51 5
73 52 3
73 53 4
73 54 10
73 55 7
73 56 1
73 57 4
73 58 6
73 62 6
73 63 4
73 64 8
73 65 3
73 66 4
73 68 2
73 75 10
73 80 5
73 82 6
73 83 3
73 84 9
73 85 10
73 87 10
73 89 3
74 1 6
74 3 2
74 8 5
74 10 6
74 11 7
74 13 8
74 16 1
74 17 7
74 18 6
74 19 4
74 20 5
74 21 4
74 23 10
74 28 10
74 29 5
74 31 2
74 35 7
74 37 7
74 38 4
74 39 10
74 40 3
74 41 1
74 42 6
74 43 1
74 44 6
74 45 7
74 48 9
74 49 3
74 50 9
74 51 8
74 52 10
74 53 3
74 56 5
74 58 10
74 59 4
74 61 3
74 62 6
74 65 8
74 66 10
74 67 4
74 68 9
74 71 1
74 72 5
74 75 10
74 77 5
74 79 10
74 80 3
74 82 1
74 85 6
74 86 3
74 87 8
74 88 5
75 1 5
75 2 3
75 3 7
75 4 5
75 5 5
75 6 7
75 7 6
75 8 8
75 9 2
75 11 9
75 15 4
75 17 6
75 21 4
75 22 2
75 26 2
75 27 5
75 28 8
75 30 6
75 33 10
75 34 10
75 35 10
75 36 4
75 37 4
75 40 2
75 41 8
75 42 9
75 44 1
75 45 10
75 46 2
75 47 10
75 52 5
75 53 3
75 55 5
75 56 8
75 62 4
75 71 4
75 72 4
75 73 10
75 74 10
75 76 1
75 78 1
75 80 4
75 81 6
75 82 6
75 83 9
75 85 3
75 87 8
76 9 10
76 10 4
76 14 5
76 15 3
76 16 8
76 18 8
76 19 10
76 21 8
76 22 3
76 23 7
76 24 2
76 25 1
76 26 6
76 27 4
76 29 7
76 30 3
76 31 1
76 32 4
76 34 2
76 36 7
76 38 10
76 42 2
76 49 9
76 51 3
76 54 1
76 57 9
76 58 3
76 59 7
76 66 6
76 67 7
76 68 9
76 69 6
76 70 7
76 75 1
76 80 8
76 81 7
76 83 1
76 86 5
76 87 3
76 88 4
76 89 9
77 1 3
77 2 8
77 3 6
77 4 6
77 6 7
77 11 5
77 12 5
77 15 1
77 16 10
77 18 5
77 19 4
77 20 1
77 21 10
77 22 2
77 25 8
77 27 5
77 28 1
77 29 5
77 32 5
77 34 2
77 35 5
77 36 3
77 37 6
77 38 6
77 39 7
77 40 5
77 42 5
77 43 9
77 44 1
77 48 2
77 50 4
77 51 6
77 52 7
77 53 3
77 54 5
77 55 7
77 57 6
77 58 5
77 60 7
77 61 4
77 63 4
77 65 4
77 66 2
77 68 3
77 69 2
77 70 1
77 71 9
77 74 5
77 78 8
77 84 1
77 85 10
77 88 8
78 2 9
78 3 9
78 4 7
78 5 2
78 6 2
78 10 8
78 11 9
78 13 9
78 14 7
78 16 2
78 21 8
78 23 7
78 24 3
78 26 8
78 28 5
78 29 8
78 30 10
78 32 1
78 33 10
78 34 1
78 35 8
78 38 9
78 42 5
78 45 10
78 46 3
78 47 6
78 48 6
78 50 1
78 56 5
78 58 7
78 64 6
78 67 3
78 68 1
78 70 7
78 71 9
78 75 1
78 77 8
78 80 3
78 81 7
78 82 7
78 83 10
78 85 5
78 86 1
78 87 3
78 89 10
79 3 5
79 4 10
79 5 2
79 6 10
79 10 4
79 16 10
79 18 4
79 19 7
79 21 10
79 22 9
79 27 2
79 28 5
79 29 10
79 31 6
79 33 9
79 34 4
79 35 9
79 36 5
79 40 1
79 41 5
79 42 1
79 44 10
79 47 6
79 51 10
79 52 1
79 55 6
79 57 10
79 58 3
79 62 7
79 63 9
79 64 6
79 66 1
79 68 10
79 69 6
79 70 2
79 72 1
79 74 10
79 80 6
79 82 8
79 86 9
79 89 4
80 2 4
80 6 4
80 15 4
80 19 6
80 20 9
80 26 1
80 31 1
80 32 3
80 37 9
80 39 1
80 40 9
80 43 6
80 44 6
80 46 5
80 47 4
80 48 7
80 51 5
80 53 7
80 56 7
80 57 3
80 58 7
80 59 3
80 63 4
80 65 10
80 66 1
80 67 5
80 68 6
80 70 1
80 71 8
80 72 7
80 73 5
80 74 3
80 75 4
80 76 8
80 78 3
80 79 6
80 82 7
80 84 6
80 85 3
81 1 2
81 6 6
81 9 8
81 10 6
81 11 4
81 14 3
81 16 5
81 17 7
81 21 9
81 22 6
81 23 1
81 25 9
81 27 3
81 29 4
81 30 10
81 31 6
81 32 7
81 34 1
81 35 6
81 36 3
81 37 3
81 39 7
81 41 4
81 43 6
81 44 2
81 45 2
81 47 9
81 48 8
81 53 6
81 55 1
81 57 9
81 59 3
81 61 10
81 62 10
81 64 6
81 65 6
81 66 4
81 67 5
81 68 6
81 69 7
81 70 1
81 71 1
81 75 6
81 76 7
81 78 7
81 84 3
81 86 6
81 87 4
82 1 7
82 2 2
82 3 6
82 5 9
82 6 3
82 8 3
82 9 1
82 10 6
82 15 8
82 18 10
82 21 1
82 24 7
82 25 5
82 26 4
82 27 1
82 28 9
82 29 3
82 30 3
82 32 2
82 33 4
82 35 5
82 36 3
82 39 6
82 40 9
82 41 5
82 42 6
82 43 9
82 44 6
82 45 6
82 46 6
82 48 9
82 49 7
82 52 9
82 54 4
82 56 2
82 58 8
82 60 3
82 66 3
82 67 1
82 69 1
82 73 6
82 74 1
82 75 6
82 78 7
82 79 8
82 80 7
82 89 10
83 2 5
83 5 3
83 6 10
83 7 3
83 10 4
83 16 3
83 17 8
83 18 10
83 19 6
83 21 7
83 22 8
83 23 9
83 26 7
83 28 6
83 32 10
83 35 2
83 38 9
83 42 8
83 43 4
83 49 9
83 50 10
83 52 3
83 53 7
83 56 4
83 60 6
83 61 1
83 62 4
83 63 5
83 64 7
83 65 6
83 66 9
83 71 4
83 73 3
83 75 9
83 76 1
83 78 10
83 84 9
83 85 9
83 86 1
83 87 6
83 88 5
84 1 10
84 5 7
84 6 8
84 7 8
84 9 7
84 12 7
84 13 2
84 17 7
84 18 3
84 27 3
84 28 4
84 31 10
84 32 6
84 33 10
84 37 3
84 38 4
84 42 4
84 43 3
84 47 7
84 55 10
84 56 5
84 57 8
84 59 9
84 60 4
84 66 8
84 68 5
84 70 10
84 73 9
84 77 1
84 80 6
84 81 3
84 83 9
84 85 5
84 88 1
84 89 9
85 3 8
85 5 4
85 6 5
85 7 5
85 9 5
85 10 6
85 14 6
85 15 2
85 17 2
85 18 5
85 19 7
85 20 5
85 21 5
85 23 7
85 24 3
85 25 3
85 27 3
85 28 10
85 32 3
85 35 10
85 36 4
85 38 8
85 39 8
85 41 4
85 46 8
85 47 4
85 50 1
85 53 1
85 54 2
85 55 6
85 62 8
85 63 9
85 64 7
85 67 10
85 68 8
85 69 2
85 72 9
85 73 10
85 74 6
85 75 3
85 77 10
85 78 5
85 80 3
85 83 9
85 84 5
85 87 7
86 1 1
86 4 9
86 7 10
86 8 6
86 9 2
86 13 4
86 16 5
86 18 2
86 23 1
86 24 2
86 25 1
86 26 2
86 27 4
86 30 10
86 32 2
86 37 3
86 38 5
86 40 9
86 43 5
86 46 4
86 48 6
86 50 10
86 51 2
86 52 3
86 56 2
86 60 6
86 70 3
86 71 4
86 74 3
86 76 5
86 78 1
86 79 9
86 81 6
86 83 1
86 88 3
86 89 8
87 2 1
87 3 9
87 5 3
87 7 4
87 9 6
87 11 8
87 12 1
87 13 4
87 14 9
87 20 2
87 23 1
87 25 5
87 26 2
87 30 5
87 31 10
87 32 4
87 34 5
87 35 5
87 36 4
87 38 5
87 41 4
87 44 7
87 45 4
87 55 3
87 57 10
87 63 7
87 66 10
87 68 8
87 70 2
87 71 4
87 72 7
87 73 10
87 74 8
87 75 8
87 76 3
87 78 3
87 81 4
87 83 6
87 85 7
87 88 1
87 89 2
88 1 2
88 3 7
88 6 8
88 9 9
88 11 6
88 12 6
88 22 4
88 23 2
88 24 4
88 27 3
88 28 5
88 29 10
88 36 2
88 38 1
88 41 6
88 43 5
88 47 7
88 50 10
88 54 10
88 56 6
88 57 1
88 64 3
88 68 4
88 70 3
88 72 6
88 74 5
88 76 4
88 77 8
88 83 5
88 84 1
88 86 3
88 87 1
88 89 7
3 t 5
4 t 6
8 t 2
9 t 9
10 t 5
17 t 7
18 t 6
21 t 8
22 t 1
26 t 9
28 t 1
30 t 6
32 t 6
33 t 7
36 t 3
37 t 4
38 t 6
39 t 2
41 t 5
42 t 6
44 t 1
45 t 9
53 t 1
57 t 4
59 t 6
61 t 2
62 t 6
64 t 3
67 t 6
69 t 1
71 t 6
73 t 3
76 t 9
78 t 10
79 t 4
82 t 10
84 t 9
86 t 8
87 t 2
88 t 7
