s (1,1) 21
s (2,1) 17
s (3,1) 4
s (4,1) 4
s (5,1) 2
s (6,1) 9
s (7,1) 16
s (8,1) 6
s (9,1) 3
s (10,1) 4
s (11,1) 14
s (12,1) 22
s (13,1) 6
s (14,1) 8
s (15,1) 3
s (16,1) 22
s (17,1) 6
s (18,1) 16
s (19,1) 10
s (20,1) 20
s (21,1) 1
s (22,1) 12
s (23,1) 11
s (24,1) 12
s (25,1) 9
s (26,1) 25
s (27,1) 8
s (28,1) 6
s (29,1) 24
s (30,1) 8
(1,1) (1,2) 17
(2,1) (2,2) 25
(3,1) (3,2) 23
(4,1) (4,2) 17
(5,1) (5,2) 13
(6,1) (6,2) 17
(7,1) (7,2) 13
(8,1) (8,2) 20
(9,1) (9,2) 25
(10,1) (10,2) 13
(11,1) (11,2) 10
(12,1) (12,2) 25
(13,1) (13,2) 6
(14,1) (14,2) 19
(15,1) (15,2) 10
(16,1) (16,2) 9
(17,1) (17,2) 22
(18,1) (18,2) 15
(19,1) (19,2) 1
(20,1) (20,2) 25
(21,1) (21,2) 21
(22,1) (22,2) 12
(23,1) (23,2) 22
(24,1) (24,2) 17
(25,1) (25,2) 15
(26,1) (26,2) 2
(27,1) (27,2) 16
(28,1) (28,2) 2
(29,1) (29,2) 23
(30,1) (30,2) 9
(1,2) (1,3) 14
(2,2) (2,3) 6
(3,2) (3,3) 8
(4,2) (4,3) 6
(5,2) (5,3) 14
(6,2) (6,3) 23
(7,2) (7,3) 21
(8,2) (8,3) 13
(9,2) (9,3) 3
(10,2) (10,3) 23
(11,2) (11,3) 3
(12,2) (12,3) 23
(13,2) (13,3) 6
(14,2) (14,3) 8
(15,2) (15,3) 3
(16,2) (16,3) 6
(17,2) (17,3) 10
(18,2) (18,3) 13
(19,2) (19,3) 14
(20,2) (20,3) 4
(21,2) (21,3) 23
(22,2) (22,3) 19
(23,2) (23,3) 23
(24,2) (24,3) 6
(25,2) (25,3) 4
(26,2) (26,3) 24
(27,2) (27,3) 11
(28,2) (28,3) 8
(29,2) (29,3) 13
(30,2) (30,3) 18
(1,3) (1,4) 8
(2,3) (2,4) 10
(3,3) (3,4) 21
(4,3) (4,4) 19
(5,3) (5,4) 10
(6,3) (6,4) 6
(7,3) (7,4) 9
(8,3) (8,4) 13
(9,3) (9,4) 3
(10,3) (10,4) 3
(11,3) (11,4) 4
(12,3) (12,4) 6
(13,3) (13,4) 8
(14,3) (14,4) 19
(15,3) (15,4) 7
(16,3) (16,4) 4
(17,3) (17,4) 25
(18,3) (18,4) 22
(19,3) (19,4) 21
(20,3) (20,4) 2
(21,3) (21,4) 5
(22,3) (22,4) 23
(23,3) (23,4) 7
(24,3) (24,4) 18
(25,3) (25,4) 13
(26,3) (26,4) 7
(27,3) (27,4) 1
(28,3) (28,4) 9
(29,3) (29,4) 4
(30,3) (30,4) 21
(1,4) (1,5) 5
(2,4) (2,5) 15
(3,4) (3,5) 6
(4,4) (4,5) 18
(5,4) (5,5) 21
(6,4) (6,5) 18
(7,4) (7,5) 14
(8,4) (8,5) 3
(9,4) (9,5) 12
(10,4) (10,5) 12
(11,4) (11,5) 22
(12,4) (12,5) 8
(13,4) (13,5) 22
(14,4) (14,5) 4
(15,4) (15,5) 14
(16,4) (16,5) 8
(17,4) (17,5) 16
(18,4) (18,5) 13
(19,4) (19,5) 20
(20,4) (20,5) 21
(21,4) (21,5) 7
(22,4) (22,5) 24
(23,4) (23,5) 13
(24,4) (24,5) 15
(25,4) (25,5) 1
(26,4) (26,5) 2
(27,4) (27,5) 8
(28,4) (28,5) 16
(29,4) (29,5) 13
(30,4) (30,5) 17
(1,5) (1,6) 23
(2,5) (2,6) 15
(3,5) (3,6) 12
(4,5) (4,6) 14
(5,5) (5,6) 20
(6,5) (6,6) 25
(7,5) (7,6) 21
(8,5) (8,6) 3
(9,5) (9,6) 16
(10,5) (10,6) 4
(11,5) (11,6) 22
(12,5) (12,6) 23
(13,5) (13,6) 17
(14,5) (14,6) 24
(15,5) (15,6) 24
(16,5) (16,6) 18
(17,5) (17,6) 22
(18,5) (18,6) 12
(19,5) (19,6) 17
(20,5) (20,6) 15
(21,5) (21,6) 6
(22,5) (22,6) 14
(23,5) (23,6) 12
(24,5) (24,6) 7
(25,5) (25,6) 11
(26,5) (26,6) 18
(27,5) (27,6) 25
(28,5) (28,6) 12
(29,5) (29,6) 14
(30,5) (30,6) 6
(1,6) (1,7) 13
(2,6) (2,7) 11
(3,6) (3,7) 4
(4,6) (4,7) 8
(5,6) (5,7) 5
(6,6) (6,7) 22
(7,6) (7,7) 10
(8,6) (8,7) 10
(9,6) (9,7) 10
(10,6) (10,7) 4
(11,6) (11,7) 9
(12,6) (12,7) 3
(13,6) (13,7) 23
(14,6) (14,7) 13
(15,6) (15,7) 3
(16,6) (16,7) 2
(17,6) (17,7) 2
(18,6) (18,7) 7
(19,6) (19,7) 11
(20,6) (20,7) 14
(21,6) (21,7) 22
(22,6) (22,7) 4
(23,6) (23,7) 23
(24,6) (24,7) 10
(25,6) (25,7) 15
(26,6) (26,7) 4
(27,6) (27,7) 14
(28,6) (28,7) 12
(29,6) (29,7) 17
(30,6) (30,7) 24
(1,7) (1,8) 1
(2,7) (2,8) 14
(3,7) (3,8) 10
(4,7) (4,8) 7
(5,7) (5,8) 17
(6,7) (6,8) 3
(7,7) (7,8) 1
(8,7) (8,8) 16
(9,7) (9,8) 11
(10,7) (10,8) 17
(11,7) (11,8) 9
(12,7) (12,8) 10
(13,7) (13,8) 25
(14,7) (14,8) 12
(15,7) (15,8) 2
(16,7) (16,8) 16
(17,7) (17,8) 21
(18,7) (18,8) 10
(19,7) (19,8) 19
(20,7) (20,8) 23
(21,7) (21,8) 21
(22,7) (22,8) 20
(23,7) (23,8) 4
(24,7) (24,8) 21
(25,7) (25,8) 15
(26,7) (26,8) 13
(27,7) (27,8) 18
(28,7) (28,8) 8
(29,7) (29,8) 18
(30,7) (30,8) 13
(1,8) (1,9) 13
(2,8) (2,9) 16
(3,8) (3,9) 19
(4,8) (4,9) 25
(5,8) (5,9) 7
(6,8) (6,9) 20
(7,8) (7,9) 21
(8,8) (8,9) 13
(9,8) (9,9) 14
(10,8) (10,9) 4
(11,8) (11,9) 22
(12,8) (12,9) 17
(13,8) (13,9) 17
(14,8) (14,9) 20
(15,8) (15,9) 18
(16,8) (16,9) 4
(17,8) (17,9) 12
(18,8) (18,9) 17
(19,8) (19,9) 4
(20,8) (20,9) 18
(21,8) (21,9) 22
(22,8) (22,9) 6
(23,8) (23,9) 12
(24,8) (24,9) 15
(25,8) (25,9) 16
(26,8) (26,9) 24
(27,8) (27,9) 9
(28,8) (28,9) 14
(29,8) (29,9) 1
(30,8) (30,9) 9
(1,9) (1,10) 18
(2,9) (2,10) 25
(3,9) (3,10) 3
(4,9) (4,10) 22
(5,9) (5,10) 17
(6,9) (6,10) 25
(7,9) (7,10) 8
(8,9) (8,10) 24
(9,9) (9,10) 9
(10,9) (10,10) 18
(11,9) (11,10) 24
(12,9) (12,10) 1
(13,9) (13,10) 9
(14,9) (14,10) 2
(15,9) (15,10) 17
(16,9) (16,10) 6
(17,9) (17,10) 5
(18,9) (18,10) 16
(19,9) (19,10) 25
(20,9) (20,10) 9
(21,9) (21,10) 3
(22,9) (22,10) 15
(23,9) (23,10) 15
(24,9) (24,10) 9
(25,9) (25,10) 17
(26,9) (26,10) 18
(27,9) (27,10) 14
(28,9) (28,10) 1
(29,9) (29,10) 11
(30,9) (30,10) 5
(1,10) (1,11) 21
(2,10) (2,11) 15
(3,10) (3,11) 5
(4,10) (4,11) 11
(5,10) (5,11) 24
(6,10) (6,11) 21
(7,10) (7,11) 4
(8,10) (8,11) 23
(9,10) (9,11) 12
(10,10) (10,11) 3
(11,10) (11,11) 16
(12,10) (12,11) 18
(13,10) (13,11) 8
(14,10) (14,11) 16
(15,10) (15,11) 10
(16,10) (16,11) 15
(17,10) (17,11) 12
(18,10) (18,11) 1
(19,10) (19,11) 4
(20,10) (20,11) 22
(21,10) (21,11) 3
(22,10) (22,11) 23
(23,10) (23,11) 14
(24,10) (24,11) 21
(25,10) (25,11) 19
(26,10) (26,11) 1
(27,10) (27,11) 21
(28,10) (28,11) 8
(29,10) (29,11) 15
(30,10) (30,11) 8
(1,11) (1,12) 6
(2,11) (2,12) 20
(3,11) (3,12) 19
(4,11) (4,12) 1
(5,11) (5,12) 8
(6,11) (6,12) 8
(7,11) (7,12) 15
(8,11) (8,12) 14
(9,11) (9,12) 14
(10,11) (10,12) 18
(11,11) (11,12) 14
(12,11) (12,12) 20
(13,11) (13,12) 5
(14,11) (14,12) 19
(15,11) (15,12) 8
(16,11) (16,12) 11
(17,11) (17,12) 3
(18,11) (18,12) 12
(19,11) (19,12) 24
(20,11) (20,12) 25
(21,11) (21,12) 1
(22,11) (22,12) 7
(23,11) (23,12) 12
(24,11) (24,12) 11
(25,11) (25,12) 24
(26,11) (26,12) 1
(27,11) (27,12) 25
(28,11) (28,12) 6
(29,11) (29,12) 25
(30,11) (30,12) 23
(1,12) (1,13) 15
(2,12) (2,13) 22
(3,12) (3,13) 10
(4,12) (4,13) 9
(5,12) (5,13) 4
(6,12) (6,13) 15
(7,12) (7,13) 21
(8,12) (8,13) 16
(9,12) (9,13) 16
(10,12) (10,13) 1
(11,12) (11,13) 23
(12,12) (12,13) 3
(13,12) (13,13) 3
(14,12) (14,13) 4
(15,12) (15,13) 10
(16,12) (16,13) 12
(17,12) (17,13) 25
(18,12) (18,13) 23
(19,12) (19,13) 2
(20,12) (20,13) 21
(21,12) (21,13) 22
(22,12) (22,13) 6
(23,12) (23,13) 3
(24,12) (24,13) 1
(25,12) (25,13) 11
(26,12) (26,13) 23
(27,12) (27,13) 20
(28,12) (28,13) 16
(29,12) (29,13) 11
(30,12) (30,13) 3
(1,13) (1,14) 22
(2,13) (2,14) 23
(3,13) (3,14) 2
(4,13) (4,14) 13
(5,13) (5,14) 18
(6,13) (6,14) 8
(7,13) (7,14) 3
(8,13) (8,14) 5
(9,13) (9,14) 9
(10,13) (10,14) 22
(11,13) (11,14) 1
(12,13) (12,14) 17
(13,13) (13,14) 2
(14,13) (14,14) 14
(15,13) (15,14) 15
(16,13) (16,14) 14
(17,13) (17,14) 14
(18,13) (18,14) 9
(19,13) (19,14) 25
(20,13) (20,14) 11
(21,13) (21,14) 8
(22,13) (22,14) 3
(23,13) (23,14) 18
(24,13) (24,14) 15
(25,13) (25,14) 24
(26,13) (26,14) 2
(27,13) (27,14) 15
(28,13) (28,14) 22
(29,13) (29,14) 15
(30,13) (30,14) 9
(1,14) (1,15) 9
(2,14) (2,15) 3
(3,14) (3,15) 8
(4,14) (4,15) 12
(5,14) (5,15) 3
(6,14) (6,15) 25
(7,14) (7,15) 22
(8,14) (8,15) 2
(9,14) (9,15) 16
(10,14) (10,15) 20
(11,14) (11,15) 2
(12,14) (12,15) 7
(13,14) (13,15) 6
(14,14) (14,15) 10
(15,14) (15,15) 21
(16,14) (16,15) 8
(17,14) (17,15) 6
(18,14) (18,15) 7
(19,14) (19,15) 17
(20,14) (20,15) 15
(21,14) (21,15) 8
(22,14) (22,15) 24
(23,14) (23,15) 11
(24,14) (24,15) 12
(25,14) (25,15) 1
(26,14) (26,15) 4
(27,14) (27,15) 14
(28,14) (28,15) 6
(29,14) (29,15) 13
(30,14) (30,15) 6
(1,15) (1,16) 25
(2,15) (2,16) 6
(3,15) (3,16) 11
(4,15) (4,16) 25
(5,15) (5,16) 11
(6,15) (6,16) 25
(7,15) (7,16) 13
(8,15) (8,16) 11
(9,15) (9,16) 16
(10,15) (10,16) 23
(11,15) (11,16) 23
(12,15) (12,16) 9
(13,15) (13,16) 11
(14,15) (14,16) 10
(15,15) (15,16) 18
(16,15) (16,16) 20
(17,15) (17,16) 8
(18,15) (18,16) 19
(19,15) (19,16) 14
(20,15) (20,16) 3
(21,15) (21,16) 1
(22,15) (22,16) 4
(23,15) (23,16) 13
(24,15) (24,16) 22
(25,15) (25,16) 13
(26,15) (26,16) 23
(27,15) (27,16) 1
(28,15) (28,16) 11
(29,15) (29,16) 20
(30,15) (30,16) 16
(1,16) (1,17) 13
(2,16) (2,17) 21
(3,16) (3,17) 4
(4,16) (4,17) 6
(5,16) (5,17) 1
(6,16) (6,17) 8
(7,16) (7,17) 4
(8,16) (8,17) 21
(9,16) (9,17) 15
(10,16) (10,17) 20
(11,16) (11,17) 13
(12,16) (12,17) 21
(13,16) (13,17) 24
(14,16) (14,17) 24
(15,16) (15,17) 7
(16,16) (16,17) 14
(17,16) (17,17) 22
(18,16) (18,17) 3
(19,16) (19,17) 17
(20,16) (20,17) 10
(21,16) (21,17) 13
(22,16) (22,17) 8
(23,16) (23,17) 16
(24,16) (24,17) 5
(25,16) (25,17) 4
(26,16) (26,17) 12
(27,16) (27,17) 3
(28,16) (28,17) 23
(29,16) (29,17) 15
(30,16) (30,17) 1
(1,17) (1,18) 1
(2,17) (2,18) 5
(3,17) (3,18) 4
(4,17) (4,18) 18
(5,17) (5,18) 24
(6,17) (6,18) 19
(7,17) (7,18) 18
(8,17) (8,18) 13
(9,17) (9,18) 25
(10,17) (10,18) 3
(11,17) (11,18) 25
(12,17) (12,18) 12
(13,17) (13,18) 2
(14,17) (14,18) 13
(15,17) (15,18) 20
(16,17) (16,18) 20
(17,17) (17,18) 1
(18,17) (18,18) 24
(19,17) (19,18) 25
(20,17) (20,18) 12
(21,17) (21,18) 1
(22,17) (22,18) 5
(23,17) (23,18) 1
(24,17) (24,18) 25
(25,17) (25,18) 8
(26,17) (26,18) 15
(27,17) (27,18) 18
(28,17) (28,18) 19
(29,17) (29,18) 25
(30,17) (30,18) 8
(1,18) (1,19) 23
(2,18) (2,19) 25
(3,18) (3,19) 18
(4,18) (4,19) 21
(5,18) (5,19) 15
(6,18) (6,19) 21
(7,18) (7,19) 13
(8,18) (8,19) 1
(9,18) (9,19) 1
(10,18) (10,19) 4
(11,18) (11,19) 2
(12,18) (12,19) 18
(13,18) (13,19) 14
(14,18) (14,19) 16
(15,18) (15,19) 24
(16,18) (16,19) 25
(17,18) (17,19) 10
(18,18) (18,19) 15
(19,18) (19,19) 16
(20,18) (20,19) 9
(21,18) (21,19) 15
(22,18) (22,19) 10
(23,18) (23,19) 12
(24,18) (24,19) 25
(25,18) (25,19) 23
(26,18) (26,19) 10
(27,18) (27,19) 3
(28,18) (28,19) 2
(29,18) (29,19) 21
(30,18) (30,19) 4
(1,19) (1,20) 7
(2,19) (2,20) 22
(3,19) (3,20) 11
(4,19) (4,20) 14
(5,19) (5,20) 20
(6,19) (6,20) 14
(7,19) (7,20) 23
(8,19) (8,20) 25
(9,19) (9,20) 5
(10,19) (10,20) 14
(11,19) (11,20) 5
(12,19) (12,20) 10
(13,19) (13,20) 2
(14,19) (14,20) 9
(15,19) (15,20) 10
(16,19) (16,20) 6
(17,19) (17,20) 2
(18,19) (18,20) 12
(19,19) (19,20) 6
(20,19) (20,20) 8
(21,19) (21,20) 6
(22,19) (22,20) 6
(23,19) (23,20) 23
(24,19) (24,20) 14
(25,19) (25,20) 8
(26,19) (26,20) 19
(27,19) (27,20) 18
(28,19) (28,20) 24
(29,19) (29,20) 3
(30,19) (30,20) 9
(1,20) (1,21) 14
(2,20) (2,21) 1
(3,20) (3,21) 5
(4,20) (4,21) 12
(5,20) (5,21) 10
(6,20) (6,21) 5
(7,20) (7,21) 19
(8,20) (8,21) 25
(9,20) (9,21) 18
(10,20) (10,21) 21
(11,20) (11,21) 15
(12,20) (12,21) 7
(13,20) (13,21) 6
(14,20) (14,21) 24
(15,20) (15,21) 11
(16,20) (16,21) 4
(17,20) (17,21) 12
(18,20) (18,21) 18
(19,20) (19,21) 11
(20,20) (20,21) 3
(21,20) (21,21) 14
(22,20) (22,21) 18
(23,20) (23,21) 5
(24,20) (24,21) 9
(25,20) (25,21) 19
(26,20) (26,21) 5
(27,20) (27,21) 15
(28,20) (28,21) 10
(29,20) (29,21) 16
(30,20) (30,21) 15
(1,21) (1,22) 1
(2,21) (2,22) 18
(3,21) (3,22) 5
(4,21) (4,22) 20
(5,21) (5,22) 17
(6,21) (6,22) 2
(7,21) (7,22) 16
(8,21) (8,22) 23
(9,21) (9,22) 18
(10,21) (10,22) 23
(11,21) (11,22) 24
(12,21) (12,22) 21
(13,21) (13,22) 18
(14,21) (14,22) 11
(15,21) (15,22) 9
(16,21) (16,22) 11
(17,21) (17,22) 1
(18,21) (18,22) 24
(19,21) (19,22) 11
(20,21) (20,22) 13
(21,21) (21,22) 13
(22,21) (22,22) 21
(23,21) (23,22) 14
(24,21) (24,22) 17
(25,21) (25,22) 12
(26,21) (26,22) 16
(27,21) (27,22) 1
(28,21) (28,22) 11
(29,21) (29,22) 2
(30,21) (30,22) 15
(1,22) (1,23) 9
(2,22) (2,23) 17
(3,22) (3,23) 5
(4,22) (4,23) 22
(5,22) (5,23) 21
(6,22) (6,23) 23
(7,22) (7,23) 8
(8,22) (8,23) 5
(9,22) (9,23) 25
(10,22) (10,23) 14
(11,22) (11,23) 16
(12,22) (12,23) 17
(13,22) (13,23) 19
(14,22) (14,23) 18
(15,22) (15,23) 5
(16,22) (16,23) 4
(17,22) (17,23) 13
(18,22) (18,23) 9
(19,22) (19,23) 11
(20,22) (20,23) 9
(21,22) (21,23) 24
(22,22) (22,23) 18
(23,22) (23,23) 8
(24,22) (24,23) 18
(25,22) (25,23) 16
(26,22) (26,23) 1
(27,22) (27,23) 15
(28,22) (28,23) 23
(29,22) (29,23) 21
(30,22) (30,23) 8
(1,23) (1,24) 15
(2,23) (2,24) 6
(3,23) (3,24) 6
(4,23) (4,24) 4
(5,23) (5,24) 25
(6,23) (6,24) 14
(7,23) (7,24) 22
(8,23) (8,24) 10
(9,23) (9,24) 6
(10,23) (10,24) 24
(11,23) (11,24) 25
(12,23) (12,24) 9
(13,23) (13,24) 1
(14,23) (14,24) 2
(15,23) (15,24) 8
(16,23) (16,24) 1
(17,23) (17,24) 18
(18,23) (18,24) 15
(19,23) (19,24) 20
(20,23) (20,24) 5
(21,23) (21,24) 25
(22,23) (22,24) 5
(23,23) (23,24) 12
(24,23) (24,24) 4
(25,23) (25,24) 24
(26,23) (26,24) 10
(27,23) (27,24) 13
(28,23) (28,24) 12
(29,23) (29,24) 1
(30,23) (30,24) 12
(1,24) (1,25) 24
(2,24) (2,25) 18
(3,24) (3,25) 24
(4,24) (4,25) 5
(5,24) (5,25) 20
(6,24) (6,25) 4
(7,24) (7,25) 19
(8,24) (8,25) 16
(9,24) (9,25) 24
(10,24) (10,25) 10
(11,24) (11,25) 10
(12,24) (12,25) 7
(13,24) (13,25) 5
(14,24) (14,25) 24
(15,24) (15,25) 10
(16,24) (16,25) 2
(17,24) (17,25) 16
(18,24) (18,25) 19
(19,24) (19,25) 24
(20,24) (20,25) 11
(21,24) (21,25) 13
(22,24) (22,25) 9
(23,24) (23,25) 10
(24,24) (24,25) 3
(25,24) (25,25) 6
(26,24) (26,25) 5
(27,24) (27,25) 13
(28,24) (28,25) 23
(29,24) (29,25) 2
(30,24) (30,25) 15
(1,25) (1,26) 22
(2,25) (2,26) 15
(3,25) (3,26) 4
(4,25) (4,26) 9
(5,25) (5,26) 23
(6,25) (6,26) 20
(7,25) (7,26) 12
(8,25) (8,26) 19
(9,25) (9,26) 12
(10,25) (10,26) 17
(11,25) (11,26) 5
(12,25) (12,26) 17
(13,25) (13,26) 15
(14,25) (14,26) 20
(15,25) (15,26) 13
(16,25) (16,26) 23
(17,25) (17,26) 1
(18,25) (18,26) 14
(19,25) (19,26) 3
(20,25) (20,26) 17
(21,25) (21,26) 12
(22,25) (22,26) 3
(23,25) (23,26) 5
(24,25) (24,26) 11
(25,25) (25,26) 8
(26,25) (26,26) 20
(27,25) (27,26) 9
(28,25) (28,26) 15
(29,25) (29,26) 17
(30,25) (30,26) 18
(1,26) (1,27) 22
(2,26) (2,27) 6
(3,26) (3,27) 15
(4,26) (4,27) 1
(5,26) (5,27) 3
(6,26) (6,27) 25
(7,26) (7,27) 12
(8,26) (8,27) 3
(9,26) (9,27) 24
(10,26) (10,27) 3
(11,26) (11,27) 16
(12,26) (12,27) 23
(13,26) (13,27) 20
(14,26) (14,27) 16
(15,26) (15,27) 3
(16,26) (16,27) 8
(17,26) (17,27) 24
(18,26) (18,27) 18
(19,26) (19,27) 5
(20,26) (20,27) 22
(21,26) (21,27) 21
(22,26) (22,27) 4
(23,26) (23,27) 14
(24,26) (24,27) 18
(25,26) (25,27) 18
(26,26) (26,27) 17
(27,26) (27,27) 6
(28,26) (28,27) 23
(29,26) (29,27) 10
(30,26) (30,27) 4
(1,27) (1,28) 8
(2,27) (2,28) 16
(3,27) (3,28) 13
(4,27) (4,28) 4
(5,27) (5,28) 13
(6,27) (6,28) 18
(7,27) (7,28) 9
(8,27) (8,28) 6
(9,27) (9,28) 11
(10,27) (10,28) 22
(11,27) (11,28) 14
(12,27) (12,28) 18
(13,27) (13,28) 20
(14,27) (14,28) 21
(15,27) (15,28) 17
(16,27) (16,28) 25
(17,27) (17,28) 25
(18,27) (18,28) 15
(19,27) (19,28) 16
(20,27) (20,28) 11
(21,27) (21,28) 3
(22,27) (22,28) 7
(23,27) (23,28) 6
(24,27) (24,28) 17
(25,27) (25,28) 1
(26,27) (26,28) 22
(27,27) (27,28) 2
(28,27) (28,28) 6
(29,27) (29,28) 8
(30,27) (30,28) 12
(1,28) (1,29) 18
(2,28) (2,29) 2
(3,28) (3,29) 4
(4,28) (4,29) 20
(5,28) (5,29) 2
(6,28) (6,29) 12
(7,28) (7,29) 24
(8,28) (8,29) 15
(9,28) (9,29) 11
(10,28) (10,29) 12
(11,28) (11,29) 19
(12,28) (12,29) 25
(13,28) (13,29) 1
(14,28) (14,29) 3
(15,28) (15,29) 8
(16,28) (16,29) 22
(17,28) (17,29) 6
(18,28) (18,29) 16
(19,28) (19,29) 25
(20,28) (20,29) 9
(21,28) (21,29) 3
(22,28) (22,29) 21
(23,28) (23,29) 6
(24,28) (24,29) 12
(25,28) (25,29) 15
(26,28) (26,29) 7
(27,28) (27,29) 19
(28,28) (28,29) 22
(29,28) (29,29) 16
(30,28) (30,29) 21
(1,29) (1,30) 11
(2,29) (2,30) 6
(3,29) (3,30) 4
(4,29) (4,30) 22
(5,29) (5,30) 19
(6,29) (6,30) 15
(7,29) (7,30) 16
(8,29) (8,30) 22
(9,29) (9,30) 25
(10,29) (10,30) 9
(11,29) (11,30) 12
(12,29) (12,30) 12
(13,29) (13,30) 3
(14,29) (14,30) 16
(15,29) (15,30) 15
(16,29) (16,30) 17
(17,29) (17,30) 14
(18,29) (18,30) 3
(19,29) (19,30) 6
(20,29) (20,30) 22
(21,29) (21,30) 25
(22,29) (22,30) 14
(23,29) (23,30) 10
(24,29) (24,30) 1
(25,29) (25,30) 9
(26,29) (26,30) 22
(27,29) (27,30) 17
(28,29) (28,30) 5
(29,29) (29,30) 22
(30,29) (30,30) 15
(1,30) (1,31) 11
(2,30) (2,31) 22
(3,30) (3,31) 25
(4,30) (4,31) 5
(5,30) (5,31) 23
(6,30) (6,31) 9
(7,30) (7,31) 4
(8,30) (8,31) 11
(9,30) (9,31) 7
(10,30) (10,31) 23
(11,30) (11,31) 14
(12,30) (12,31) 17
(13,30) (13,31) 3
(14,30) (14,31) 13
(15,30) (15,31) 6
(16,30) (16,31) 20
(17,30) (17,31) 17
(18,30) (18,31) 8
(19,30) (19,31) 5
(20,30) (20,31) 5
(21,30) (21,31) 2
(22,30) (22,31) 6
(23,30) (23,31) 7
(24,30) (24,31) 4
(25,30) (25,31) 12
(26,30) (26,31) 21
(27,30) (27,31) 3
(28,30) (28,31) 1
(29,30) (29,31) 8
(30,30) (30,31) 5
(1,31) (1,32) 22
(2,31) (2,32) 11
(3,31) (3,32) 16
(4,31) (4,32) 9
(5,31) (5,32) 22
(6,31) (6,32) 21
(7,31) (7,32) 10
(8,31) (8,32) 7
(9,31) (9,32) 11
(10,31) (10,32) 17
(11,31) (11,32) 9
(12,31) (12,32) 17
(13,31) (13,32) 6
(14,31) (14,32) 3
(15,31) (15,32) 20
(16,31) (16,32) 2
(17,31) (17,32) 19
(18,31) (18,32) 3
(19,31) (19,32) 2
(20,31) (20,32) 7
(21,31) (21,32) 5
(22,31) (22,32) 18
(23,31) (23,32) 23
(24,31) (24,32) 18
(25,31) (25,32) 2
(26,31) (26,32) 8
(27,31) (27,32) 7
(28,31) (28,32) 6
(29,31) (29,32) 14
(30,31) (30,32) 5
(1,32) (1,33) 14
(2,32) (2,33) 18
(3,32) (3,33) 23
(4,32) (4,33) 15
(5,32) (5,33) 10
(6,32) (6,33) 21
(7,32) (7,33) 5
(8,32) (8,33) 24
(9,32) (9,33) 11
(10,32) (10,33) 9
(11,32) (11,33) 12
(12,32) (12,33) 19
(13,32) (13,33) 3
(14,32) (14,33) 7
(15,32) (15,33) 4
(16,32) (16,33) 9
(17,32) (17,33) 24
(18,32) (18,33) 12
(19,32) (19,33) 22
(20,32) (20,33) 3
(21,32) (21,33) 5
(22,32) (22,33) 20
(23,32) (23,33) 17
(24,32) (24,33) 16
(25,32) (25,33) 22
(26,32) (26,33) 7
(27,32) (27,33) 15
(28,32) (28,33) 2
(29,32) (29,33) 8
(30,32) (30,33) 17
(1,33) (1,34) 25
(2,33) (2,34) 17
(3,33) (3,34) 24
(4,33) (4,34) 13
(5,33) (5,34) 17
(6,33) (6,34) 4
(7,33) (7,34) 21
(8,33) (8,34) 23
(9,33) (9,34) 13
(10,33) (10,34) 2
(11,33) (11,34) 15
(12,33) (12,34) 17
(13,33) (13,34) 21
(14,33) (14,34) 7
(15,33) (15,34) 8
(16,33) (16,34) 20
(17,33) (17,34) 14
(18,33) (18,34) 10
(19,33) (19,34) 9
(20,33) (20,34) 4
(21,33) (21,34) 12
(22,33) (22,34) 22
(23,33) (23,34) 17
(24,33) (24,34) 9
(25,33) (25,34) 12
(26,33) (26,34) 13
(27,33) (27,34) 4
(28,33) (28,34) 17
(29,33) (29,34) 10
(30,33) (30,34) 16
(1,34) (1,35) 7
(2,34) (2,35) 12
(3,34) (3,35) 18
(4,34) (4,35) 1
(5,34) (5,35) 25
(6,34) (6,35) 19
(7,34) (7,35) 24
(8,34) (8,35) 7
(9,34) (9,35) 20
(10,34) (10,35) 15
(11,34) (11,35) 10
(12,34) (12,35) 11
(13,34) (13,35) 13
(14,34) (14,35) 10
(15,34) (15,35) 16
(16,34) (16,35) 18
(17,34) (17,35) 15
(18,34) (18,35) 18
(19,34) (19,35) 13
(20,34) (20,35) 3
(21,34) (21,35) 17
(22,34) (22,35) 4
(23,34) (23,35) 19
(24,34) (24,35) 15
(25,34) (25,35) 24
(26,34) (26,35) 17
(27,34) (27,35) 12
(28,34) (28,35) 7
(29,34) (29,35) 3
(30,34) (30,35) 5
(1,35) (1,36) 10
(2,35) (2,36) 21
(3,35) (3,36) 13
(4,35) (4,36) 11
(5,35) (5,36) 23
(6,35) (6,36) 9
(7,35) (7,36) 23
(8,35) (8,36) 22
(9,35) (9,36) 18
(10,35) (10,36) 24
(11,35) (11,36) 17
(12,35) (12,36) 14
(13,35) (13,36) 2
(14,35) (14,36) 14
(15,35) (15,36) 8
(16,35) (16,36) 2
(17,35) (17,36) 2
(18,35) (18,36) 8
(19,35) (19,36) 5
(20,35) (20,36) 2
(21,35) (21,36) 14
(22,35) (22,36) 18
(23,35) (23,36) 18
(24,35) (24,36) 23
(25,35) (25,36) 10
(26,35) (26,36) 4
(27,35) (27,36) 25
(28,35) (28,36) 2
(29,35) (29,36) 16
(30,35) (30,36) 22
(1,36) (1,37) 17
(2,36) (2,37) 6
(3,36) (3,37) 11
(4,36) (4,37) 11
(5,36) (5,37) 4
(6,36) (6,37) 3
(7,36) (7,37) 17
(8,36) (8,37) 14
(9,36) (9,37) 17
(10,36) (10,37) 6
(11,36) (11,37) 23
(12,36) (12,37) 15
(13,36) (13,37) 13
(14,36) (14,37) 20
(15,36) (15,37) 8
(16,36) (16,37) 18
(17,36) (17,37) 24
(18,36) (18,37) 12
(19,36) (19,37) 4
(20,36) (20,37) 16
(21,36) (21,37) 11
(22,36) (22,37) 20
(23,36) (23,37) 22
(24,36) (24,37) 2
(25,36) (25,37) 1
(26,36) (26,37) 13
(27,36) (27,37) 11
(28,36) (28,37) 11
(29,36) (29,37) 15
(30,36) (30,37) 18
(1,37) (1,38) 16
(2,37) (2,38) 2
(3,37) (3,38) 2
(4,37) (4,38) 16
(5,37) (5,38) 16
(6,37) (6,38) 15
(7,37) (7,38) 17
(8,37) (8,38) 9
(9,37) (9,38) 22
(10,37) (10,38) 3
(11,37) (11,38) 25
(12,37) (12,38) 7
(13,37) (13,38) 21
(14,37) (14,38) 5
(15,37) (15,38) 3
(16,37) (16,38) 22
(17,37) (17,38) 10
(18,37) (18,38) 11
(19,37) (19,38) 6
(20,37) (20,38) 5
(21,37) (21,38) 11
(22,37) (22,38) 13
(23,37) (23,38) 5
(24,37) (24,38) 23
(25,37) (25,38) 2
(26,37) (26,38) 25
(27,37) (27,38) 3
(28,37) (28,38) 24
(29,37) (29,38) 10
(30,37) (30,38) 1
(1,38) (1,39) 22
(2,38) (2,39) 13
(3,38) (3,39) 3
(4,38) (4,39) 2
(5,38) (5,39) 18
(6,38) (6,39) 25
(7,38) (7,39) 18
(8,38) (8,39) 3
(9,38) (9,39) 2
(10,38) (10,39) 25
(11,38) (11,39) 15
(12,38) (12,39) 14
(13,38) (13,39) 3
(14,38) (14,39) 1
(15,38) (15,39) 25
(16,38) (16,39) 11
(17,38) (17,39) 11
(18,38) (18,39) 21
(19,38) (19,39) 8
(20,38) (20,39) 12
(21,38) (21,39) 16
(22,38) (22,39) 17
(23,38) (23,39) 16
(24,38) (24,39) 14
(25,38) (25,39) 22
(26,38) (26,39) 4
(27,38) (27,39) 11
(28,38) (28,39) 8
(29,38) (29,39) 22
(30,38) (30,39) 10
(1,39) (1,40) 5
(2,39) (2,40) 25
(3,39) (3,40) 21
(4,39) (4,40) 25
(5,39) (5,40) 24
(6,39) (6,40) 2
(7,39) (7,40) 4
(8,39) (8,40) 10
(9,39) (9,40) 15
(10,39) (10,40) 25
(11,39) (11,40) 1
(12,39) (12,40) 14
(13,39) (13,40) 10
(14,39) (14,40) 10
(15,39) (15,40) 6
(16,39) (16,40) 9
(17,39) (17,40) 13
(18,39) (18,40) 3
(19,39) (19,40) 6
(20,39) (20,40) 4
(21,39) (21,40) 10
(22,39) (22,40) 19
(23,39) (23,40) 23
(24,39) (24,40) 18
(25,39) (25,40) 1
(26,39) (26,40) 22
(27,39) (27,40) 9
(28,39) (28,40) 7
(29,39) (29,40) 21
(30,39) (30,40) 6
(1,1) (2,1) 15
(2,1) (1,1) 14
(2,1) (3,1) 19
(3,1) (2,1) 8
(3,1) (4,1) 3
(4,1) (3,1) 22
(4,1) (5,1) 19
(5,1) (4,1) 14
(5,1) (6,1) 12
(6,1) (5,1) 7
(6,1) (7,1) 20
(7,1) (6,1) 7
(7,1) (8,1) 2
(8,1) (7,1) 12
(8,1) (9,1) 4
(9,1) (8,1) 10
(9,1) (10,1) 13
(10,1) (9,1) 16
(10,1) (11,1) 2
(11,1) (10,1) 5
(11,1) (12,1) 23
(12,1) (11,1) 6
(12,1) (13,1) 18
(13,1) (12,1) 12
(13,1) (14,1) 1
(14,1) (13,1) 19
(14,1) (15,1) 11
(15,1) (14,1) 20
(15,1) (16,1) 14
(16,1) (15,1) 8
(16,1) (17,1) 12
(17,1) (16,1) 10
(17,1) (18,1) 11
(18,1) (17,1) 5
(18,1) (19,1) 14
(19,1) (18,1) 19
(19,1) (20,1) 8
(20,1) (19,1) 12
(20,1) (21,1) 21
(21,1) (20,1) 11
(21,1) (22,1) 4
(22,1) (21,1) 15
(22,1) (23,1) 7
(23,1) (22,1) 16
(23,1) (24,1) 19
(24,1) (23,1) 5
(24,1) (25,1) 3
(25,1) (24,1) 7
(25,1) (26,1) 8
(26,1) (25,1) 11
(26,1) (27,1) 16
(27,1) (26,1) 5
(27,1) (28,1) 9
(28,1) (27,1) 18
(28,1) (29,1) 17
(29,1) (28,1) 19
(29,1) (30,1) 24
(30,1) (29,1) 23
(1,2) (2,2) 3
(2,2) (1,2) 13
(2,2) (3,2) 4
(3,2) (2,2) 11
(3,2) (4,2) 11
(4,2) (3,2) 16
(4,2) (5,2) 15
(5,2) (4,2) 2
(5,2) (6,2) 11
(6,2) (5,2) 18
(6,2) (7,2) 18
(7,2) (6,2) 16
(7,2) (8,2) 10
(8,2) (7,2) 1
(8,2) (9,2) 21
(9,2) (8,2) 22
(9,2) (10,2) 8
(10,2) (9,2) 15
(10,2) (11,2) 16
(11,2) (10,2) 23
(11,2) (12,2) 11
(12,2) (11,2) 2
(12,2) (13,2) 11
(13,2) (12,2) 13
(13,2) (14,2) 23
(14,2) (13,2) 17
(14,2) (15,2) 4
(15,2) (14,2) 25
(15,2) (16,2) 5
(16,2) (15,2) 11
(16,2) (17,2) 3
(17,2) (16,2) 23
(17,2) (18,2) 21
(18,2) (17,2) 10
(18,2) (19,2) 12
(19,2) (18,2) 3
(19,2) (20,2) 7
(20,2) (19,2) 13
(20,2) (21,2) 13
(21,2) (20,2) 8
(21,2) (22,2) 17
(22,2) (21,2) 5
(22,2) (23,2) 3
(23,2) (22,2) 6
(23,2) (24,2) 19
(24,2) (23,2) 6
(24,2) (25,2) 17
(25,2) (24,2) 13
(25,2) (26,2) 18
(26,2) (25,2) 18
(26,2) (27,2) 9
(27,2) (26,2) 23
(27,2) (28,2) 1
(28,2) (27,2) 21
(28,2) (29,2) 25
(29,2) (28,2) 4
(29,2) (30,2) 24
(30,2) (29,2) 14
(1,3) (2,3) 9
(2,3) (1,3) 17
(2,3) (3,3) 19
(3,3) (2,3) 23
(3,3) (4,3) 10
(4,3) (3,3) 10
(4,3) (5,3) 25
(5,3) (4,3) 3
(5,3) (6,3) 18
(6,3) (5,3) 8
(6,3) (7,3) 7
(7,3) (6,3) 7
(7,3) (8,3) 4
(8,3) (7,3) 9
(8,3) (9,3) 11
(9,3) (8,3) 12
(9,3) (10,3) 10
(10,3) (9,3) 6
(10,3) (11,3) 25
(11,3) (10,3) 19
(11,3) (12,3) 16
(12,3) (11,3) 2
(12,3) (13,3) 12
(13,3) (12,3) 16
(13,3) (14,3) 6
(14,3) (13,3) 17
(14,3) (15,3) 1
(15,3) (14,3) 2
(15,3) (16,3) 21
(16,3) (15,3) 22
(16,3) (17,3) 11
(17,3) (16,3) 15
(17,3) (18,3) 7
(18,3) (17,3) 3
(18,3) (19,3) 5
(19,3) (18,3) 5
(19,3) (20,3) 19
(20,3) (19,3) 12
(20,3) (21,3) 6
(21,3) (20,3) 16
(21,3) (22,3) 21
(22,3) (21,3) 3
(22,3) (23,3) 8
(23,3) (22,3) 15
(23,3) (24,3) 21
(24,3) (23,3) 3
(24,3) (25,3) 17
(25,3) (24,3) 11
(25,3) (26,3) 25
(26,3) (25,3) 15
(26,3) (27,3) 4
(27,3) (26,3) 6
(27,3) (28,3) 20
(28,3) (27,3) 12
(28,3) (29,3) 18
(29,3) (28,3) 12
(29,3) (30,3) 19
(30,3) (29,3) 24
(1,4) (2,4) 15
(2,4) (1,4) 6
(2,4) (3,4) 10
(3,4) (2,4) 7
(3,4) (4,4) 15
(4,4) (3,4) 9
(4,4) (5,4) 3
(5,4) (4,4) 22
(5,4) (6,4) 2
(6,4) (5,4) 7
(6,4) (7,4) 1
(7,4) (6,4) 15
(7,4) (8,4) 10
(8,4) (7,4) 6
(8,4) (9,4) 12
(9,4) (8,4) 8
(9,4) (10,4) 10
(10,4) (9,4) 24
(10,4) (11,4) 13
(11,4) (10,4) 7
(11,4) (12,4) 12
(12,4) (11,4) 7
(12,4) (13,4) 4
(13,4) (12,4) 17
(13,4) (14,4) 16
(14,4) (13,4) 8
(14,4) (15,4) 11
(15,4) (14,4) 15
(15,4) (16,4) 5
(16,4) (15,4) 22
(16,4) (17,4) 20
(17,4) (16,4) 4
(17,4) (18,4) 4
(18,4) (17,4) 21
(18,4) (19,4) 8
(19,4) (18,4) 20
(19,4) (20,4) 25
(20,4) (19,4) 7
(20,4) (21,4) 8
(21,4) (20,4) 2
(21,4) (22,4) 12
(22,4) (21,4) 24
(22,4) (23,4) 7
(23,4) (22,4) 12
(23,4) (24,4) 18
(24,4) (23,4) 10
(24,4) (25,4) 4
(25,4) (24,4) 14
(25,4) (26,4) 14
(26,4) (25,4) 5
(26,4) (27,4) 24
(27,4) (26,4) 3
(27,4) (28,4) 23
(28,4) (27,4) 2
(28,4) (29,4) 7
(29,4) (28,4) 3
(29,4) (30,4) 21
(30,4) (29,4) 6
(1,5) (2,5) 4
(2,5) (1,5) 2
(2,5) (3,5) 1
(3,5) (2,5) 2
(3,5) (4,5) 22
(4,5) (3,5) 7
(4,5) (5,5) 23
(5,5) (4,5) 4
(5,5) (6,5) 6
(6,5) (5,5) 19
(6,5) (7,5) 16
(7,5) (6,5) 13
(7,5) (8,5) 2
(8,5) (7,5) 2
(8,5) (9,5) 22
(9,5) (8,5) 20
(9,5) (10,5) 1
(10,5) (9,5) 8
(10,5) (11,5) 4
(11,5) (10,5) 5
(11,5) (12,5) 4
(12,5) (11,5) 9
(12,5) (13,5) 25
(13,5) (12,5) 5
(13,5) (14,5) 12
(14,5) (13,5) 25
(14,5) (15,5) 18
(15,5) (14,5) 9
(15,5) (16,5) 19
(16,5) (15,5) 20
(16,5) (17,5) 7
(17,5) (16,5) 15
(17,5) (18,5) 23
(18,5) (17,5) 11
(18,5) (19,5) 1
(19,5) (18,5) 2
(19,5) (20,5) 9
(20,5) (19,5) 19
(20,5) (21,5) 1
(21,5) (20,5) 23
(21,5) (22,5) 24
(22,5) (21,5) 1
(22,5) (23,5) 15
(23,5) (22,5) 6
(23,5) (24,5) 12
(24,5) (23,5) 6
(24,5) (25,5) 20
(25,5) (24,5) 15
(25,5) (26,5) 12
(26,5) (25,5) 11
(26,5) (27,5) 11
(27,5) (26,5) 21
(27,5) (28,5) 17
(28,5) (27,5) 17
(28,5) (29,5) 8
(29,5) (28,5) 3
(29,5) (30,5) 12
(30,5) (29,5) 7
(1,6) (2,6) 21
(2,6) (1,6) 2
(2,6) (3,6) 5
(3,6) (2,6) 15
(3,6) (4,6) 3
(4,6) (3,6) 20
(4,6) (5,6) 9
(5,6) (4,6) 19
(5,6) (6,6) 23
(6,6) (5,6) 20
(6,6) (7,6) 18
(7,6) (6,6) 22
(7,6) (8,6) 8
(8,6) (7,6) 24
(8,6) (9,6) 5
(9,6) (8,6) 21
(9,6) (10,6) 6
(10,6) (9,6) 16
(10,6) (11,6) 2
(11,6) (10,6) 2
(11,6) (12,6) 24
(12,6) (11,6) 9
(12,6) (13,6) 4
(13,6) (12,6) 10
(13,6) (14,6) 20
(14,6) (13,6) 21
(14,6) (15,6) 13
(15,6) (14,6) 19
(15,6) (16,6) 22
(16,6) (15,6) 9
(16,6) (17,6) 1
(17,6) (16,6) 9
(17,6) (18,6) 9
(18,6) (17,6) 3
(18,6) (19,6) 22
(19,6) (18,6) 18
(19,6) (20,6) 14
(20,6) (19,6) 7
(20,6) (21,6) 21
(21,6) (20,6) 6
(21,6) (22,6) 21
(22,6) (21,6) 24
(22,6) (23,6) 11
(23,6) (22,6) 13
(23,6) (24,6) 20
(24,6) (23,6) 2
(24,6) (25,6) 16
(25,6) (24,6) 18
(25,6) (26,6) 7
(26,6) (25,6) 5
(26,6) (27,6) 25
(27,6) (26,6) 6
(27,6) (28,6) 8
(28,6) (27,6) 6
(28,6) (29,6) 19
(29,6) (28,6) 5
(29,6) (30,6) 13
(30,6) (29,6) 16
(1,7) (2,7) 6
(2,7) (1,7) 5
(2,7) (3,7) 11
(3,7) (2,7) 22
(3,7) (4,7) 12
(4,7) (3,7) 25
(4,7) (5,7) 20
(5,7) (4,7) 9
(5,7) (6,7) 16
(6,7) (5,7) 3
(6,7) (7,7) 18
(7,7) (6,7) 1
(7,7) (8,7) 8
(8,7) (7,7) 6
(8,7) (9,7) 19
(9,7) (8,7) 5
(9,7) (10,7) 13
(10,7) (9,7) 25
(10,7) (11,7) 24
(11,7) (10,7) 23
(11,7) (12,7) 3
(12,7) (11,7) 13
(12,7) (13,7) 19
(13,7) (12,7) 19
(13,7) (14,7) 7
(14,7) (13,7) 6
(14,7) (15,7) 7
(15,7) (14,7) 3
(15,7) (16,7) 22
(16,7) (15,7) 8
(16,7) (17,7) 22
(17,7) (16,7) 3
(17,7) (18,7) 20
(18,7) (17,7) 11
(18,7) (19,7) 23
(19,7) (18,7) 25
(19,7) (20,7) 12
(20,7) (19,7) 10
(20,7) (21,7) 5
(21,7) (20,7) 19
(21,7) (22,7) 4
(22,7) (21,7) 17
(22,7) (23,7) 7
(23,7) (22,7) 9
(23,7) (24,7) 20
(24,7) (23,7) 9
(24,7) (25,7) 13
(25,7) (24,7) 1
(25,7) (26,7) 19
(26,7) (25,7) 14
(26,7) (27,7) 12
(27,7) (26,7) 5
(27,7) (28,7) 24
(28,7) (27,7) 10
(28,7) (29,7) 5
(29,7) (28,7) 7
(29,7) (30,7) 12
(30,7) (29,7) 6
(1,8) (2,8) 10
(2,8) (1,8) 6
(2,8) (3,8) 4
(3,8) (2,8) 24
(3,8) (4,8) 21
(4,8) (3,8) 21
(4,8) (5,8) 9
(5,8) (4,8) 3
(5,8) (6,8) 13
(6,8) (5,8) 17
(6,8) (7,8) 14
(7,8) (6,8) 7
(7,8) (8,8) 18
(8,8) (7,8) 17
(8,8) (9,8) 11
(9,8) (8,8) 10
(9,8) (10,8) 15
(10,8) (9,8) 24
(10,8) (11,8) 23
(11,8) (10,8) 24
(11,8) (12,8) 5
(12,8) (11,8) 2
(12,8) (13,8) 10
(13,8) (12,8) 24
(13,8) (14,8) 25
(14,8) (13,8) 15
(14,8) (15,8) 18
(15,8) (14,8) 25
(15,8) (16,8) 24
(16,8) (15,8) 18
(16,8) (17,8) 23
(17,8) (16,8) 3
(17,8) (18,8) 2
(18,8) (17,8) 1
(18,8) (19,8) 8
(19,8) (18,8) 15
(19,8) (20,8) 2
(20,8) (19,8) 1
(20,8) (21,8) 22
(21,8) (20,8) 18
(21,8) (22,8) 24
(22,8) (21,8) 2
(22,8) (23,8) 6
(23,8) (22,8) 16
(23,8) (24,8) 15
(24,8) (23,8) 22
(24,8) (25,8) 2
(25,8) (24,8) 24
(25,8) (26,8) 16
(26,8) (25,8) 9
(26,8) (27,8) 9
(27,8) (26,8) 16
(27,8) (28,8) 16
(28,8) (27,8) 15
(28,8) (29,8) 14
(29,8) (28,8) 24
(29,8) (30,8) 22
(30,8) (29,8) 7
(1,9) (2,9) 5
(2,9) (1,9) 25
(2,9) (3,9) 4
(3,9) (2,9) 21
(3,9) (4,9) 23
(4,9) (3,9) 21
(4,9) (5,9) 22
(5,9) (4,9) 20
(5,9) (6,9) 15
(6,9) (5,9) 15
(6,9) (7,9) 5
(7,9) (6,9) 18
(7,9) (8,9) 3
(8,9) (7,9) 17
(8,9) (9,9) 19
(9,9) (8,9) 18
(9,9) (10,9) 23
(10,9) (9,9) 22
(10,9) (11,9) 19
(11,9) (10,9) 18
(11,9) (12,9) 11
(12,9) (11,9) 10
(12,9) (13,9) 4
(13,9) (12,9) 1
(13,9) (14,9) 1
(14,9) (13,9) 14
(14,9) (15,9) 22
(15,9) (14,9) 20
(15,9) (16,9) 10
(16,9) (15,9) 25
(16,9) (17,9) 18
(17,9) (16,9) 22
(17,9) (18,9) 7
(18,9) (17,9) 12
(18,9) (19,9) 10
(19,9) (18,9) 11
(19,9) (20,9) 2
(20,9) (19,9) 8
(20,9) (21,9) 9
(21,9) (20,9) 11
(21,9) (22,9) 6
(22,9) (21,9) 19
(22,9) (23,9) 2
(23,9) (22,9) 4
(23,9) (24,9) 21
(24,9) (23,9) 10
(24,9) (25,9) 23
(25,9) (24,9) 24
(25,9) (26,9) 23
(26,9) (25,9) 15
(26,9) (27,9) 11
(27,9) (26,9) 22
(27,9) (28,9) 23
(28,9) (27,9) 17
(28,9) (29,9) 13
(29,9) (28,9) 12
(29,9) (30,9) 13
(30,9) (29,9) 8
(1,10) (2,10) 4
(2,10) (1,10) 11
(2,10) (3,10) 10
(3,10) (2,10) 3
(3,10) (4,10) 2
(4,10) (3,10) 14
(4,10) (5,10) 18
(5,10) (4,10) 25
(5,10) (6,10) 16
(6,10) (5,10) 9
(6,10) (7,10) 18
(7,10) (6,10) 3
(7,10) (8,10) 17
(8,10) (7,10) 24
(8,10) (9,10) 1
(9,10) (8,10) 6
(9,10) (10,10) 11
(10,10) (9,10) 25
(10,10) (11,10) 8
(11,10) (10,10) 13
(11,10) (12,10) 9
(12,10) (11,10) 22
(12,10) (13,10) 19
(13,10) (12,10) 16
(13,10) (14,10) 1
(14,10) (13,10) 7
(14,10) (15,10) 23
(15,10) (14,10) 16
(15,10) (16,10) 11
(16,10) (15,10) 12
(16,10) (17,10) 8
(17,10) (16,10) 10
(17,10) (18,10) 17
(18,10) (17,10) 2
(18,10) (19,10) 18
(19,10) (18,10) 3
(19,10) (20,10) 21
(20,10) (19,10) 16
(20,10) (21,10) 12
(21,10) (20,10) 25
(21,10) (22,10) 2
(22,10) (21,10) 13
(22,10) (23,10) 3
(23,10) (22,10) 21
(23,10) (24,10) 24
(24,10) (23,10) 22
(24,10) (25,10) 8
(25,10) (24,10) 11
(25,10) (26,10) 21
(26,10) (25,10) 12
(26,10) (27,10) 9
(27,10) (26,10) 19
(27,10) (28,10) 6
(28,10) (27,10) 24
(28,10) (29,10) 3
(29,10) (28,10) 23
(29,10) (30,10) 18
(30,10) (29,10) 17
(1,11) (2,11) 17
(2,11) (1,11) 13
(2,11) (3,11) 10
(3,11) (2,11) 13
(3,11) (4,11) 14
(4,11) (3,11) 1
(4,11) (5,11) 7
(5,11) (4,11) 16
(5,11) (6,11) 9
(6,11) (5,11) 11
(6,11) (7,11) 13
(7,11) (6,11) 8
(7,11) (8,11) 14
(8,11) (7,11) 8
(8,11) (9,11) 3
(9,11) (8,11) 24
(9,11) (10,11) 20
(10,11) (9,11) 25
(10,11) (11,11) 8
(11,11) (10,11) 10
(11,11) (12,11) 14
(12,11) (11,11) 16
(12,11) (13,11) 5
(13,11) (12,11) 17
(13,11) (14,11) 8
(14,11) (13,11) 4
(14,11) (15,11) 14
(15,11) (14,11) 13
(15,11) (16,11) 7
(16,11) (15,11) 9
(16,11) (17,11) 20
(17,11) (16,11) 12
(17,11) (18,11) 21
(18,11) (17,11) 5
(18,11) (19,11) 12
(19,11) (18,11) 19
(19,11) (20,11) 16
(20,11) (19,11) 22
(20,11) (21,11) 6
(21,11) (20,11) 11
(21,11) (22,11) 4
(22,11) (21,11) 1
(22,11) (23,11) 20
(23,11) (22,11) 12
(23,11) (24,11) 13
(24,11) (23,11) 2
(24,11) (25,11) 9
(25,11) (24,11) 14
(25,11) (26,11) 11
(26,11) (25,11) 5
(26,11) (27,11) 2
(27,11) (26,11) 8
(27,11) (28,11) 1
(28,11) (27,11) 8
(28,11) (29,11) 22
(29,11) (28,11) 2
(29,11) (30,11) 5
(30,11) (29,11) 10
(1,12) (2,12) 3
(2,12) (1,12) 10
(2,12) (3,12) 11
(3,12) (2,12) 5
(3,12) (4,12) 5
(4,12) (3,12) 22
(4,12) (5,12) 6
(5,12) (4,12) 17
(5,12) (6,12) 6
(6,12) (5,12) 16
(6,12) (7,12) 7
(7,12) (6,12) 9
(7,12) (8,12) 1
(8,12) (7,12) 18
(8,12) (9,12) 23
(9,12) (8,12) 1
(9,12) (10,12) 21
(10,12) (9,12) 8
(10,12) (11,12) 1
(11,12) (10,12) 13
(11,12) (12,12) 12
(12,12) (11,12) 20
(12,12) (13,12) 22
(13,12) (12,12) 25
(13,12) (14,12) 20
(14,12) (13,12) 6
(14,12) (15,12) 9
(15,12) (14,12) 25
(15,12) (16,12) 24
(16,12) (15,12) 1
(16,12) (17,12) 23
(17,12) (16,12) 1
(17,12) (18,12) 15
(18,12) (17,12) 2
(18,12) (19,12) 3
(19,12) (18,12) 4
(19,12) (20,12) 1
(20,12) (19,12) 15
(20,12) (21,12) 24
(21,12) (20,12) 21
(21,12) (22,12) 23
(22,12) (21,12) 25
(22,12) (23,12) 5
(23,12) (22,12) 1
(23,12) (24,12) 18
(24,12) (23,12) 1
(24,12) (25,12) 10
(25,12) (24,12) 1
(25,12) (26,12) 22
(26,12) (25,12) 13
(26,12) (27,12) 8
(27,12) (26,12) 21
(27,12) (28,12) 12
(28,12) (27,12) 12
(28,12) (29,12) 11
(29,12) (28,12) 17
(29,12) (30,12) 14
(30,12) (29,12) 23
(1,13) (2,13) 11
(2,13) (1,13) 19
(2,13) (3,13) 13
(3,13) (2,13) 20
(3,13) (4,13) 9
(4,13) (3,13) 16
(4,13) (5,13) 5
(5,13) (4,13) 18
(5,13) (6,13) 11
(6,13) (5,13) 3
(6,13) (7,13) 1
(7,13) (6,13) 20
(7,13) (8,13) 6
(8,13) (7,13) 10
(8,13) (9,13) 10
(9,13) (8,13) 4
(9,13) (10,13) 16
(10,13) (9,13) 7
(10,13) (11,13) 21
(11,13) (10,13) 4
(11,13) (12,13) 8
(12,13) (11,13) 7
(12,13) (13,13) 4
(13,13) (12,13) 5
(13,13) (14,13) 9
(14,13) (13,13) 15
(14,13) (15,13) 2
(15,13) (14,13) 5
(15,13) (16,13) 4
(16,13) (15,13) 14
(16,13) (17,13) 17
(17,13) (16,13) 14
(17,13) (18,13) 24
(18,13) (17,13) 23
(18,13) (19,13) 9
(19,13) (18,13) 19
(19,13) (20,13) 16
(20,13) (19,13) 1
(20,13) (21,13) 3
(21,13) (20,13) 13
(21,13) (22,13) 4
(22,13) (21,13) 13
(22,13) (23,13) 14
(23,13) (22,13) 14
(23,13) (24,13) 23
(24,13) (23,13) 3
(24,13) (25,13) 6
(25,13) (24,13) 18
(25,13) (26,13) 20
(26,13) (25,13) 25
(26,13) (27,13) 18
(27,13) (26,13) 19
(27,13) (28,13) 3
(28,13) (27,13) 19
(28,13) (29,13) 11
(29,13) (28,13) 4
(29,13) (30,13) 5
(30,13) (29,13) 5
(1,14) (2,14) 8
(2,14) (1,14) 9
(2,14) (3,14) 17
(3,14) (2,14) 11
(3,14) (4,14) 21
(4,14) (3,14) 12
(4,14) (5,14) 22
(5,14) (4,14) 24
(5,14) (6,14) 2
(6,14) (5,14) 8
(6,14) (7,14) 18
(7,14) (6,14) 25
(7,14) (8,14) 12
(8,14) (7,14) 24
(8,14) (9,14) 15
(9,14) (8,14) 19
(9,14) (10,14) 12
(10,14) (9,14) 19
(10,14) (11,14) 22
(11,14) (10,14) 24
(11,14) (12,14) 14
(12,14) (11,14) 19
(12,14) (13,14) 23
(13,14) (12,14) 9
(13,14) (14,14) 12
(14,14) (13,14) 13
(14,14) (15,14) 23
(15,14) (14,14) 12
(15,14) (16,14) 22
(16,14) (15,14) 24
(16,14) (17,14) 22
(17,14) (16,14) 6
(17,14) (18,14) 4
(18,14) (17,14) 25
(18,14) (19,14) 25
(19,14) (18,14) 9
(19,14) (20,14) 1
(20,14) (19,14) 25
(20,14) (21,14) 12
(21,14) (20,14) 12
(21,14) (22,14) 17
(22,14) (21,14) 12
(22,14) (23,14) 18
(23,14) (22,14) 9
(23,14) (24,14) 19
(24,14) (23,14) 5
(24,14) (25,14) 3
(25,14) (24,14) 12
(25,14) (26,14) 25
(26,14) (25,14) 25
(26,14) (27,14) 22
(27,14) (26,14) 1
(27,14) (28,14) 12
(28,14) (27,14) 19
(28,14) (29,14) 8
(29,14) (28,14) 8
(29,14) (30,14) 24
(30,14) (29,14) 22
(1,15) (2,15) 8
(2,15) (1,15) 25
(2,15) (3,15) 10
(3,15) (2,15) 18
(3,15) (4,15) 16
(4,15) (3,15) 6
(4,15) (5,15) 21
(5,15) (4,15) 23
(5,15) (6,15) 24
(6,15) (5,15) 19
(6,15) (7,15) 20
(7,15) (6,15) 7
(7,15) (8,15) 12
(8,15) (7,15) 2
(8,15) (9,15) 1
(9,15) (8,15) 6
(9,15) (10,15) 12
(10,15) (9,15) 14
(10,15) (11,15) 5
(11,15) (10,15) 21
(11,15) (12,15) 1
(12,15) (11,15) 4
(12,15) (13,15) 6
(13,15) (12,15) 12
(13,15) (14,15) 6
(14,15) (13,15) 18
(14,15) (15,15) 17
(15,15) (14,15) 20
(15,15) (16,15) 24
(16,15) (15,15) 1
(16,15) (17,15) 18
(17,15) (16,15) 23
(17,15) (18,15) 2
(18,15) (17,15) 8
(18,15) (19,15) 22
(19,15) (18,15) 22
(19,15) (20,15) 2
(20,15) (19,15) 16
(20,15) (21,15) 1
(21,15) (20,15) 9
(21,15) (22,15) 9
(22,15) (21,15) 20
(22,15) (23,15) 14
(23,15) (22,15) 19
(23,15) (24,15) 18
(24,15) (23,15) 8
(24,15) (25,15) 2
(25,15) (24,15) 8
(25,15) (26,15) 16
(26,15) (25,15) 1
(26,15) (27,15) 2
(27,15) (26,15) 8
(27,15) (28,15) 11
(28,15) (27,15) 16
(28,15) (29,15) 3
(29,15) (28,15) 23
(29,15) (30,15) 4
(30,15) (29,15) 17
(1,16) (2,16) 23
(2,16) (1,16) 6
(2,16) (3,16) 14
(3,16) (2,16) 15
(3,16) (4,16) 1
(4,16) (3,16) 2
(4,16) (5,16) 20
(5,16) (4,16) 19
(5,16) (6,16) 5
(6,16) (5,16) 13
(6,16) (7,16) 4
(7,16) (6,16) 15
(7,16) (8,16) 7
(8,16) (7,16) 7
(8,16) (9,16) 1
(9,16) (8,16) 1
(9,16) (10,16) 15
(10,16) (9,16) 9
(10,16) (11,16) 5
(11,16) (10,16) 9
(11,16) (12,16) 22
(12,16) (11,16) 15
(12,16) (13,16) 6
(13,16) (12,16) 21
(13,16) (14,16) 10
(14,16) (13,16) 15
(14,16) (15,16) 23
(15,16) (14,16) 25
(15,16) (16,16) 15
(16,16) (15,16) 23
(16,16) (17,16) 20
(17,16) (16,16) 11
(17,16) (18,16) 19
(18,16) (17,16) 14
(18,16) (19,16) 16
(19,16) (18,16) 19
(19,16) (20,16) 21
(20,16) (19,16) 10
(20,16) (21,16) 14
(21,16) (20,16) 24
(21,16) (22,16) 23
(22,16) (21,16) 9
(22,16) (23,16) 20
(23,16) (22,16) 16
(23,16) (24,16) 10
(24,16) (23,16) 9
(24,16) (25,16) 14
(25,16) (24,16) 12
(25,16) (26,16) 12
(26,16) (25,16) 22
(26,16) (27,16) 25
(27,16) (26,16) 17
(27,16) (28,16) 19
(28,16) (27,16) 13
(28,16) (29,16) 15
(29,16) (28,16) 3
(29,16) (30,16) 17
(30,16) (29,16) 14
(1,17) (2,17) 18
(2,17) (1,17) 16
(2,17) (3,17) 20
(3,17) (2,17) 14
(3,17) (4,17) 3
(4,17) (3,17) 21
(4,17) (5,17) 22
(5,17) (4,17) 14
(5,17) (6,17) 21
(6,17) (5,17) 22
(6,17) (7,17) 9
(7,17) (6,17) 18
(7,17) (8,17) 8
(8,17) (7,17) 6
(8,17) (9,17) 23
(9,17) (8,17) 4
(9,17) (10,17) 6
(10,17) (9,17) 11
(10,17) (11,17) 6
(11,17) (10,17) 5
(11,17) (12,17) 17
(12,17) (11,17) 8
(12,17) (13,17) 4
(13,17) (12,17) 5
(13,17) (14,17) 4
(14,17) (13,17) 6
(14,17) (15,17) 11
(15,17) (14,17) 18
(15,17) (16,17) 22
(16,17) (15,17) 20
(16,17) (17,17) 13
(17,17) (16,17) 4
(17,17) (18,17) 21
(18,17) (17,17) 2
(18,17) (19,17) 15
(19,17) (18,17) 21
(19,17) (20,17) 25
(20,17) (19,17) 9
(20,17) (21,17) 1
(21,17) (20,17) 4
(21,17) (22,17) 11
(22,17) (21,17) 5
(22,17) (23,17) 13
(23,17) (22,17) 12
(23,17) (24,17) 24
(24,17) (23,17) 20
(24,17) (25,17) 11
(25,17) (24,17) 25
(25,17) (26,17) 5
(26,17) (25,17) 19
(26,17) (27,17) 18
(27,17) (26,17) 15
(27,17) (28,17) 24
(28,17) (27,17) 12
(28,17) (29,17) 2
(29,17) (28,17) 20
(29,17) (30,17) 15
(30,17) (29,17) 18
(1,18) (2,18) 21
(2,18) (1,18) 11
(2,18) (3,18) 16
(3,18) (2,18) 20
(3,18) (4,18) 7
(4,18) (3,18) 3
(4,18) (5,18) 18
(5,18) (4,18) 23
(5,18) (6,18) 16
(6,18) (5,18) 25
(6,18) (7,18) 16
(7,18) (6,18) 5
(7,18) (8,18) 7
(8,18) (7,18) 9
(8,18) (9,18) 10
(9,18) (8,18) 2
(9,18) (10,18) 1
(10,18) (9,18) 2
(10,18) (11,18) 21
(11,18) (10,18) 7
(11,18) (12,18) 4
(12,18) (11,18) 19
(12,18) (13,18) 19
(13,18) (12,18) 2
(13,18) (14,18) 19
(14,18) (13,18) 23
(14,18) (15,18) 9
(15,18) (14,18) 5
(15,18) (16,18) 14
(16,18) (15,18) 3
(16,18) (17,18) 20
(17,18) (16,18) 6
(17,18) (18,18) 10
(18,18) (17,18) 24
(18,18) (19,18) 13
(19,18) (18,18) 14
(19,18) (20,18) 8
(20,18) (19,18) 12
(20,18) (21,18) 4
(21,18) (20,18) 25
(21,18) (22,18) 2
(22,18) (21,18) 18
(22,18) (23,18) 11
(23,18) (22,18) 25
(23,18) (24,18) 18
(24,18) (23,18) 6
(24,18) (25,18) 24
(25,18) (24,18) 13
(25,18) (26,18) 17
(26,18) (25,18) 23
(26,18) (27,18) 4
(27,18) (26,18) 25
(27,18) (28,18) 23
(28,18) (27,18) 20
(28,18) (29,18) 19
(29,18) (28,18) 7
(29,18) (30,18) 25
(30,18) (29,18) 6
(1,19) (2,19) 22
(2,19) (1,19) 3
(2,19) (3,19) 1
(3,19) (2,19) 14
(3,19) (4,19) 20
(4,19) (3,19) 24
(4,19) (5,19) 23
(5,19) (4,19) 18
(5,19) (6,19) 18
(6,19) (5,19) 23
(6,19) (7,19) 24
(7,19) (6,19) 15
(7,19) (8,19) 16
(8,19) (7,19) 8
(8,19) (9,19) 20
(9,19) (8,19) 9
(9,19) (10,19) 7
(10,19) (9,19) 14
(10,19) (11,19) 7
(11,19) (10,19) 8
(11,19) (12,19) 23
(12,19) (11,19) 12
(12,19) (13,19) 1
(13,19) (12,19) 1
(13,19) (14,19) 16
(14,19) (13,19) 13
(14,19) (15,19) 11
(15,19) (14,19) 10
(15,19) (16,19) 14
(16,19) (15,19) 21
(16,19) (17,19) 1
(17,19) (16,19) 24
(17,19) (18,19) 3
(18,19) (17,19) 3
(18,19) (19,19) 5
(19,19) (18,19) 12
(19,19) (20,19) 25
(20,19) (19,19) 5
(20,19) (21,19) 12
(21,19) (20,19) 7
(21,19) (22,19) 8
(22,19) (21,19) 3
(22,19) (23,19) 11
(23,19) (22,19) 21
(23,19) (24,19) 19
(24,19) (23,19) 8
(24,19) (25,19) 24
(25,19) (24,19) 8
(25,19) (26,19) 16
(26,19) (25,19) 2
(26,19) (27,19) 1
(27,19) (26,19) 16
(27,19) (28,19) 14
(28,19) (27,19) 10
(28,19) (29,19) 19
(29,19) (28,19) 18
(29,19) (30,19) 7
(30,19) (29,19) 18
(1,20) (2,20) 5
(2,20) (1,20) 22
(2,20) (3,20) 11
(3,20) (2,20) 2
(3,20) (4,20) 20
(4,20) (3,20) 25
(4,20) (5,20) 9
(5,20) (4,20) 4
(5,20) (6,20) 5
(6,20) (5,20) 5
(6,20) (7,20) 25
(7,20) (6,20) 20
(7,20) (8,20) 5
(8,20) (7,20) 3
(8,20) (9,20) 22
(9,20) (8,20) 18
(9,20) (10,20) 3
(10,20) (9,20) 9
(10,20) (11,20) 6
(11,20) (10,20) 19
(11,20) (12,20) 14
(12,20) (11,20) 23
(12,20) (13,20) 6
(13,20) (12,20) 14
(13,20) (14,20) 25
(14,20) (13,20) 6
(14,20) (15,20) 13
(15,20) (14,20) 5
(15,20) (16,20) 21
(16,20) (15,20) 22
(16,20) (17,20) 2
(17,20) (16,20) 4
(17,20) (18,20) 2
(18,20) (17,20) 1
(18,20) (19,20) 4
(19,20) (18,20) 2
(19,20) (20,20) 20
(20,20) (19,20) 21
(20,20) (21,20) 10
(21,20) (20,20) 8
(21,20) (22,20) 2
(22,20) (21,20) 9
(22,20) (23,20) 16
(23,20) (22,20) 16
(23,20) (24,20) 6
(24,20) (23,20) 5
(24,20) (25,20) 14
(25,20) (24,20) 14
(25,20) (26,20) 23
(26,20) (25,20) 14
(26,20) (27,20) 25
(27,20) (26,20) 24
(27,20) (28,20) 3
(28,20) (27,20) 8
(28,20) (29,20) 16
(29,20) (28,20) 22
(29,20) (30,20) 23
(30,20) (29,20) 24
(1,21) (2,21) 10
(2,21) (1,21) 15
(2,21) (3,21) 22
(3,21) (2,21) 5
(3,21) (4,21) 19
(4,21) (3,21) 14
(4,21) (5,21) 8
(5,21) (4,21) 17
(5,21) (6,21) 20
(6,21) (5,21) 20
(6,21) (7,21) 1
(7,21) (6,21) 14
(7,21) (8,21) 13
(8,21) (7,21) 24
(8,21) (9,21) 23
(9,21) (8,21) 21
(9,21) (10,21) 23
(10,21) (9,21) 5
(10,21) (11,21) 25
(11,21) (10,21) 7
(11,21) (12,21) 14
(12,21) (11,21) 23
(12,21) (13,21) 18
(13,21) (12,21) 20
(13,21) (14,21) 4
(14,21) (13,21) 15
(14,21) (15,21) 2
(15,21) (14,21) 17
(15,21) (16,21) 2
(16,21) (15,21) 2
(16,21) (17,21) 10
(17,21) (16,21) 2
(17,21) (18,21) 17
(18,21) (17,21) 17
(18,21) (19,21) 18
(19,21) (18,21) 5
(19,21) (20,21) 12
(20,21) (19,21) 4
(20,21) (21,21) 1
(21,21) (20,21) 3
(21,21) (22,21) 16
(22,21) (21,21) 7
(22,21) (23,21) 4
(23,21) (22,21) 23
(23,21) (24,21) 1
(24,21) (23,21) 13
(24,21) (25,21) 4
(25,21) (24,21) 21
(25,21) (26,21) 4
(26,21) (25,21) 2
(26,21) (27,21) 4
(27,21) (26,21) 7
(27,21) (28,21) 5
(28,21) (27,21) 9
(28,21) (29,21) 11
(29,21) (28,21) 2
(29,21) (30,21) 20
(30,21) (29,21) 20
(1,22) (2,22) 24
(2,22) (1,22) 6
(2,22) (3,22) 15
(3,22) (2,22) 15
(3,22) (4,22) 7
(4,22) (3,22) 12
(4,22) (5,22) 9
(5,22) (4,22) 19
(5,22) (6,22) 3
(6,22) (5,22) 5
(6,22) (7,22) 6
(7,22) (6,22) 7
(7,22) (8,22) 14
(8,22) (7,22) 23
(8,22) (9,22) 19
(9,22) (8,22) 20
(9,22) (10,22) 3
(10,22) (9,22) 15
(10,22) (11,22) 5
(11,22) (10,22) 18
(11,22) (12,22) 19
(12,22) (11,22) 10
(12,22) (13,22) 13
(13,22) (12,22) 1
(13,22) (14,22) 21
(14,22) (13,22) 8
(14,22) (15,22) 9
(15,22) (14,22) 25
(15,22) (16,22) 5
(16,22) (15,22) 24
(16,22) (17,22) 22
(17,22) (16,22) 21
(17,22) (18,22) 14
(18,22) (17,22) 15
(18,22) (19,22) 13
(19,22) (18,22) 2
(19,22) (20,22) 11
(20,22) (19,22) 18
(20,22) (21,22) 15
(21,22) (20,22) 4
(21,22) (22,22) 10
(22,22) (21,22) 17
(22,22) (23,22) 14
(23,22) (22,22) 11
(23,22) (24,22) 11
(24,22) (23,22) 15
(24,22) (25,22) 22
(25,22) (24,22) 17
(25,22) (26,22) 9
(26,22) (25,22) 21
(26,22) (27,22) 22
(27,22) (26,22) 12
(27,22) (28,22) 18
(28,22) (27,22) 1
(28,22) (29,22) 9
(29,22) (28,22) 4
(29,22) (30,22) 21
(30,22) (29,22) 3
(1,23) (2,23) 7
(2,23) (1,23) 15
(2,23) (3,23) 11
(3,23) (2,23) 13
(3,23) (4,23) 11
(4,23) (3,23) 23
(4,23) (5,23) 4
(5,23) (4,23) 3
(5,23) (6,23) 17
(6,23) (5,23) 20
(6,23) (7,23) 12
(7,23) (6,23) 18
(7,23) (8,23) 17
(8,23) (7,23) 25
(8,23) (9,23) 16
(9,23) (8,23) 17
(9,23) (10,23) 18
(10,23) (9,23) 19
(10,23) (11,23) 10
(11,23) (10,23) 15
(11,23) (12,23) 3
(12,23) (11,23) 10
(12,23) (13,23) 18
(13,23) (12,23) 25
(13,23) (14,23) 19
(14,23) (13,23) 23
(14,23) (15,23) 4
(15,23) (14,23) 11
(15,23) (16,23) 4
(16,23) (15,23) 7
(16,23) (17,23) 9
(17,23) (16,23) 5
(17,23) (18,23) 22
(18,23) (17,23) 1
(18,23) (19,23) 1
(19,23) (18,23) 12
(19,23) (20,23) 5
(20,23) (19,23) 8
(20,23) (21,23) 1
(21,23) (20,23) 15
(21,23) (22,23) 18
(22,23) (21,23) 15
(22,23) (23,23) 10
(23,23) (22,23) 20
(23,23) (24,23) 7
(24,23) (23,23) 25
(24,23) (25,23) 9
(25,23) (24,23) 12
(25,23) (26,23) 13
(26,23) (25,23) 13
(26,23) (27,23) 14
(27,23) (26,23) 8
(27,23) (28,23) 13
(28,23) (27,23) 7
(28,23) (29,23) 14
(29,23) (28,23) 16
(29,23) (30,23) 20
(30,23) (29,23) 22
(1,24) (2,24) 14
(2,24) (1,24) 7
(2,24) (3,24) 19
(3,24) (2,24) 18
(3,24) (4,24) 4
(4,24) (3,24) 23
(4,24) (5,24) 11
(5,24) (4,24) 15
(5,24) (6,24) 24
(6,24) (5,24) 23
(6,24) (7,24) 11
(7,24) (6,24) 25
(7,24) (8,24) 23
(8,24) (7,24) 17
(8,24) (9,24) 1
(9,24) (8,24) 13
(9,24) (10,24) 23
(10,24) (9,24) 4
(10,24) (11,24) 19
(11,24) (10,24) 23
(11,24) (12,24) 2
(12,24) (11,24) 5
(12,24) (13,24) 10
(13,24) (12,24) 4
(13,24) (14,24) 10
(14,24) (13,24) 25
(14,24) (15,24) 3
(15,24) (14,24) 13
(15,24) (16,24) 15
(16,24) (15,24) 24
(16,24) (17,24) 9
(17,24) (16,24) 9
(17,24) (18,24) 10
(18,24) (17,24) 24
(18,24) (19,24) 6
(19,24) (18,24) 9
(19,24) (20,24) 15
(20,24) (19,24) 23
(20,24) (21,24) 1
(21,24) (20,24) 21
(21,24) (22,24) 25
(22,24) (21,24) 14
(22,24) (23,24) 2
(23,24) (22,24) 16
(23,24) (24,24) 3
(24,24) (23,24) 13
(24,24) (25,24) 21
(25,24) (24,24) 6
(25,24) (26,24) 21
(26,24) (25,24) 6
(26,24) (27,24) 2
(27,24) (26,24) 7
(27,24) (28,24) 9
(28,24) (27,24) 17
(28,24) (29,24) 19
(29,24) (28,24) 15
(29,24) (30,24) 5
(30,24) (29,24) 6
(1,25) (2,25) 13
(2,25) (1,25) 4
(2,25) (3,25) 21
(3,25) (2,25) 16
(3,25) (4,25) 9
(4,25) (3,25) 17
(4,25) (5,25) 6
(5,25) (4,25) 3
(5,25) (6,25) 20
(6,25) (5,25) 15
(6,25) (7,25) 9
(7,25) (6,25) 2
(7,25) (8,25) 1
(8,25) (7,25) 3
(8,25) (9,25) 12
(9,25) (8,25) 22
(9,25) (10,25) 18
(10,25) (9,25) 16
(10,25) (11,25) 9
(11,25) (10,25) 7
(11,25) (12,25) 14
(12,25) (11,25) 13
(12,25) (13,25) 4
(13,25) (12,25) 24
(13,25) (14,25) 11
(14,25) (13,25) 16
(14,25) (15,25) 13
(15,25) (14,25) 14
(15,25) (16,25) 6
(16,25) (15,25) 22
(16,25) (17,25) 12
(17,25) (16,25) 20
(17,25) (18,25) 2
(18,25) (17,25) 24
(18,25) (19,25) 1
(19,25) (18,25) 2
(19,25) (20,25) 19
(20,25) (19,25) 18
(20,25) (21,25) 1
(21,25) (20,25) 12
(21,25) (22,25) 10
(22,25) (21,25) 20
(22,25) (23,25) 15
(23,25) (22,25) 15
(23,25) (24,25) 2
(24,25) (23,25) 6
(24,25) (25,25) 13
(25,25) (24,25) 13
(25,25) (26,25) 10
(26,25) (25,25) 14
(26,25) (27,25) 3
(27,25) (26,25) 7
(27,25) (28,25) 19
(28,25) (27,25) 12
(28,25) (29,25) 3
(29,25) (28,25) 6
(29,25) (30,25) 16
(30,25) (29,25) 4
(1,26) (2,26) 20
(2,26) (1,26) 11
(2,26) (3,26) 20
(3,26) (2,26) 8
(3,26) (4,26) 24
(4,26) (3,26) 16
(4,26) (5,26) 16
(5,26) (4,26) 2
(5,26) (6,26) 3
(6,26) (5,26) 5
(6,26) (7,26) 25
(7,26) (6,26) 2
(7,26) (8,26) 12
(8,26) (7,26) 1
(8,26) (9,26) 3
(9,26) (8,26) 10
(9,26) (10,26) 15
(10,26) (9,26) 9
(10,26) (11,26) 22
(11,26) (10,26) 8
(11,26) (12,26) 19
(12,26) (11,26) 9
(12,26) (13,26) 7
(13,26) (12,26) 5
(13,26) (14,26) 4
(14,26) (13,26) 4
(14,26) (15,26) 10
(15,26) (14,26) 23
(15,26) (16,26) 13
(16,26) (15,26) 18
(16,26) (17,26) 25
(17,26) (16,26) 13
(17,26) (18,26) 18
(18,26) (17,26) 4
(18,26) (19,26) 3
(19,26) (18,26) 19
(19,26) (20,26) 19
(20,26) (19,26) 22
(20,26) (21,26) 22
(21,26) (20,26) 11
(21,26) (22,26) 1
(22,26) (21,26) 3
(22,26) (23,26) 20
(23,26) (22,26) 9
(23,26) (24,26) 16
(24,26) (23,26) 6
(24,26) (25,26) 13
(25,26) (24,26) 1
(25,26) (26,26) 16
(26,26) (25,26) 11
(26,26) (27,26) 24
(27,26) (26,26) 2
(27,26) (28,26) 10
(28,26) (27,26) 15
(28,26) (29,26) 11
(29,26) (28,26) 21
(29,26) (30,26) 17
(30,26) (29,26) 13
(1,27) (2,27) 13
(2,27) (1,27) 14
(2,27) (3,27) 2
(3,27) (2,27) 12
(3,27) (4,27) 5
(4,27) (3,27) 15
(4,27) (5,27) 7
(5,27) (4,27) 23
(5,27) (6,27) 11
(6,27) (5,27) 17
(6,27) (7,27) 12
(7,27) (6,27) 15
(7,27) (8,27) 10
(8,27) (7,27) 3
(8,27) (9,27) 15
(9,27) (8,27) 21
(9,27) (10,27) 11
(10,27) (9,27) 7
(10,27) (11,27) 18
(11,27) (10,27) 10
(11,27) (12,27) 12
(12,27) (11,27) 16
(12,27) (13,27) 23
(13,27) (12,27) 23
(13,27) (14,27) 8
(14,27) (13,27) 13
(14,27) (15,27) 23
(15,27) (14,27) 24
(15,27) (16,27) 12
(16,27) (15,27) 10
(16,27) (17,27) 6
(17,27) (16,27) 25
(17,27) (18,27) 24
(18,27) (17,27) 4
(18,27) (19,27) 14
(19,27) (18,27) 23
(19,27) (20,27) 25
(20,27) (19,27) 23
(20,27) (21,27) 13
(21,27) (20,27) 13
(21,27) (22,27) 18
(22,27) (21,27) 7
(22,27) (23,27) 6
(23,27) (22,27) 12
(23,27) (24,27) 15
(24,27) (23,27) 17
(24,27) (25,27) 19
(25,27) (24,27) 1
(25,27) (26,27) 9
(26,27) (25,27) 12
(26,27) (27,27) 25
(27,27) (26,27) 21
(27,27) (28,27) 8
(28,27) (27,27) 9
(28,27) (29,27) 8
(29,27) (28,27) 9
(29,27) (30,27) 25
(30,27) (29,27) 21
(1,28) (2,28) 1
(2,28) (1,28) 5
(2,28) (3,28) 13
(3,28) (2,28) 20
(3,28) (4,28) 1
(4,28) (3,28) 21
(4,28) (5,28) 23
(5,28) (4,28) 23
(5,28) (6,28) 21
(6,28) (5,28) 13
(6,28) (7,28) 2
(7,28) (6,28) 8
(7,28) (8,28) 2
(8,28) (7,28) 14
(8,28) (9,28) 15
(9,28) (8,28) 17
(9,28) (10,28) 7
(10,28) (9,28) 21
(10,28) (11,28) 14
(11,28) (10,28) 18
(11,28) (12,28) 1
(12,28) (11,28) 5
(12,28) (13,28) 23
(13,28) (12,28) 15
(13,28) (14,28) 18
(14,28) (13,28) 13
(14,28) (15,28) 10
(15,28) (14,28) 1
(15,28) (16,28) 16
(16,28) (15,28) 25
(16,28) (17,28) 25
(17,28) (16,28) 21
(17,28) (18,28) 19
(18,28) (17,28) 13
(18,28) (19,28) 9
(19,28) (18,28) 18
(19,28) (20,28) 14
(20,28) (19,28) 17
(20,28) (21,28) 5
(21,28) (20,28) 11
(21,28) (22,28) 8
(22,28) (21,28) 25
(22,28) (23,28) 11
(23,28) (22,28) 14
(23,28) (24,28) 24
(24,28) (23,28) 5
(24,28) (25,28) 3
(25,28) (24,28) 14
(25,28) (26,28) 10
(26,28) (25,28) 3
(26,28) (27,28) 20
(27,28) (26,28) 24
(27,28) (28,28) 19
(28,28) (27,28) 7
(28,28) (29,28) 2
(29,28) (28,28) 21
(29,28) (30,28) 25
(30,28) (29,28) 10
(1,29) (2,29) 17
(2,29) (1,29) 15
(2,29) (3,29) 4
(3,29) (2,29) 13
(3,29) (4,29) 1
(4,29) (3,29) 12
(4,29) (5,29) 22
(5,29) (4,29) 1
(5,29) (6,29) 2
(6,29) (5,29) 3
(6,29) (7,29) 14
(7,29) (6,29) 18
(7,29) (8,29) 23
(8,29) (7,29) 14
(8,29) (9,29) 8
(9,29) (8,29) 11
(9,29) (10,29) 20
(10,29) (9,29) 25
(10,29) (11,29) 12
(11,29) (10,29) 20
(11,29) (12,29) 1
(12,29) (11,29) 21
(12,29) (13,29) 20
(13,29) (12,29) 11
(13,29) (14,29) 11
(14,29) (13,29) 1
(14,29) (15,29) 16
(15,29) (14,29) 15
(15,29) (16,29) 20
(16,29) (15,29) 25
(16,29) (17,29) 16
(17,29) (16,29) 12
(17,29) (18,29) 3
(18,29) (17,29) 2
(18,29) (19,29) 16
(19,29) (18,29) 15
(19,29) (20,29) 24
(20,29) (19,29) 8
(20,29) (21,29) 11
(21,29) (20,29) 21
(21,29) (22,29) 11
(22,29) (21,29) 19
(22,29) (23,29) 10
(23,29) (22,29) 15
(23,29) (24,29) 4
(24,29) (23,29) 3
(24,29) (25,29) 1
(25,29) (24,29) 18
(25,29) (26,29) 15
(26,29) (25,29) 19
(26,29) (27,29) 5
(27,29) (26,29) 16
(27,29) (28,29) 24
(28,29) (27,29) 15
(28,29) (29,29) 13
(29,29) (28,29) 23
(29,29) (30,29) 19
(30,29) (29,29) 21
(1,30) (2,30) 23
(2,30) (1,30) 9
(2,30) (3,30) 4
(3,30) (2,30) 19
(3,30) (4,30) 23
(4,30) (3,30) 15
(4,30) (5,30) 19
(5,30) (4,30) 24
(5,30) (6,30) 1
(6,30) (5,30) 23
(6,30) (7,30) 6
(7,30) (6,30) 1
(7,30) (8,30) 24
(8,30) (7,30) 8
(8,30) (9,30) 23
(9,30) (8,30) 7
(9,30) (10,30) 21
(10,30) (9,30) 5
(10,30) (11,30) 13
(11,30) (10,30) 25
(11,30) (12,30) 22
(12,30) (11,30) 8
(12,30) (13,30) 5
(13,30) (12,30) 23
(13,30) (14,30) 6
(14,30) (13,30) 24
(14,30) (15,30) 22
(15,30) (14,30) 1
(15,30) (16,30) 17
(16,30) (15,30) 18
(16,30) (17,30) 12
(17,30) (16,30) 9
(17,30) (18,30) 8
(18,30) (17,30) 10
(18,30) (19,30) 14
(19,30) (18,30) 23
(19,30) (20,30) 17
(20,30) (19,30) 19
(20,30) (21,30) 21
(21,30) (20,30) 19
(21,30) (22,30) 10
(22,30) (21,30) 25
(22,30) (23,30) 6
(23,30) (22,30) 18
(23,30) (24,30) 10
(24,30) (23,30) 3
(24,30) (25,30) 24
(25,30) (24,30) 15
(25,30) (26,30) 9
(26,30) (25,30) 7
(26,30) (27,30) 9
(27,30) (26,30) 18
(27,30) (28,30) 25
(28,30) (27,30) 1
(28,30) (29,30) 6
(29,30) (28,30) 14
(29,30) (30,30) 7
(30,30) (29,30) 2
(1,31) (2,31) 7
(2,31) (1,31) 8
(2,31) (3,31) 6
(3,31) (2,31) 22
(3,31) (4,31) 3
(4,31) (3,31) 16
(4,31) (5,31) 5
(5,31) (4,31) 2
(5,31) (6,31) 22
(6,31) (5,31) 13
(6,31) (7,31) 6
(7,31) (6,31) 15
(7,31) (8,31) 6
(8,31) (7,31) 5
(8,31) (9,31) 3
(9,31) (8,31) 11
(9,31) (10,31) 15
(10,31) (9,31) 13
(10,31) (11,31) 16
(11,31) (10,31) 13
(11,31) (12,31) 6
(12,31) (11,31) 9
(12,31) (13,31) 11
(13,31) (12,31) 2
(13,31) (14,31) 1
(14,31) (13,31) 7
(14,31) (15,31) 9
(15,31) (14,31) 1
(15,31) (16,31) 20
(16,31) (15,31) 1
(16,31) (17,31) 7
(17,31) (16,31) 9
(17,31) (18,31) 24
(18,31) (17,31) 13
(18,31) (19,31) 24
(19,31) (18,31) 23
(19,31) (20,31) 25
(20,31) (19,31) 4
(20,31) (21,31) 5
(21,31) (20,31) 13
(21,31) (22,31) 10
(22,31) (21,31) 18
(22,31) (23,31) 25
(23,31) (22,31) 15
(23,31) (24,31) 19
(24,31) (23,31) 1
(24,31) (25,31) 14
(25,31) (24,31) 2
(25,31) (26,31) 6
(26,31) (25,31) 19
(26,31) (27,31) 3
(27,31) (26,31) 6
(27,31) (28,31) 3
(28,31) (27,31) 9
(28,31) (29,31) 17
(29,31) (28,31) 23
(29,31) (30,31) 8
(30,31) (29,31) 20
(1,32) (2,32) 21
(2,32) (1,32) 21
(2,32) (3,32) 8
(3,32) (2,32) 6
(3,32) (4,32) 20
(4,32) (3,32) 9
(4,32) (5,32) 20
(5,32) (4,32) 15
(5,32) (6,32) 6
(6,32) (5,32) 22
(6,32) (7,32) 7
(7,32) (6,32) 21
(7,32) (8,32) 12
(8,32) (7,32) 19
(8,32) (9,32) 23
(9,32) (8,32) 3
(9,32) (10,32) 18
(10,32) (9,32) 23
(10,32) (11,32) 25
(11,32) (10,32) 22
(11,32) (12,32) 15
(12,32) (11,32) 23
(12,32) (13,32) 22
(13,32) (12,32) 18
(13,32) (14,32) 1
(14,32) (13,32) 6
(14,32) (15,32) 25
(15,32) (14,32) 12
(15,32) (16,32) 25
(16,32) (15,32) 3
(16,32) (17,32) 17
(17,32) (16,32) 5
(17,32) (18,32) 1
(18,32) (17,32) 1
(18,32) (19,32) 5
(19,32) (18,32) 3
(19,32) (20,32) 20
(20,32) (19,32) 10
(20,32) (21,32) 2
(21,32) (20,32) 16
(21,32) (22,32) 10
(22,32) (21,32) 24
(22,32) (23,32) 22
(23,32) (22,32) 13
(23,32) (24,32) 10
(24,32) (23,32) 18
(24,32) (25,32) 9
(25,32) (24,32) 19
(25,32) (26,32) 10
(26,32) (25,32) 19
(26,32) (27,32) 22
(27,32) (26,32) 14
(27,32) (28,32) 22
(28,32) (27,32) 12
(28,32) (29,32) 24
(29,32) (28,32) 24
(29,32) (30,32) 6
(30,32) (29,32) 24
(1,33) (2,33) 25
(2,33) (1,33) 9
(2,33) (3,33) 10
(3,33) (2,33) 2
(3,33) (4,33) 1
(4,33) (3,33) 13
(4,33) (5,33) 4
(5,33) (4,33) 11
(5,33) (6,33) 11
(6,33) (5,33) 23
(6,33) (7,33) 9
(7,33) (6,33) 18
(7,33) (8,33) 22
(8,33) (7,33) 17
(8,33) (9,33) 8
(9,33) (8,33) 21
(9,33) (10,33) 10
(10,33) (9,33) 17
(10,33) (11,33) 4
(11,33) (10,33) 15
(11,33) (12,33) 10
(12,33) (11,33) 18
(12,33) (13,33) 22
(13,33) (12,33) 23
(13,33) (14,33) 19
(14,33) (13,33) 25
(14,33) (15,33) 16
(15,33) (14,33) 2
(15,33) (16,33) 25
(16,33) (15,33) 16
(16,33) (17,33) 20
(17,33) (16,33) 17
(17,33) (18,33) 3
(18,33) (17,33) 24
(18,33) (19,33) 21
(19,33) (18,33) 10
(19,33) (20,33) 10
(20,33) (19,33) 5
(20,33) (21,33) 8
(21,33) (20,33) 2
(21,33) (22,33) 25
(22,33) (21,33) 10
(22,33) (23,33) 22
(23,33) (22,33) 16
(23,33) (24,33) 25
(24,33) (23,33) 24
(24,33) (25,33) 11
(25,33) (24,33) 25
(25,33) (26,33) 23
(26,33) (25,33) 11
(26,33) (27,33) 6
(27,33) (26,33) 6
(27,33) (28,33) 1
(28,33) (27,33) 8
(28,33) (29,33) 3
(29,33) (28,33) 3
(29,33) (30,33) 7
(30,33) (29,33) 9
(1,34) (2,34) 19
(2,34) (1,34) 11
(2,34) (3,34) 20
(3,34) (2,34) 20
(3,34) (4,34) 24
(4,34) (3,34) 18
(4,34) (5,34) 11
(5,34) (4,34) 23
(5,34) (6,34) 5
(6,34) (5,34) 20
(6,34) (7,34) 7
(7,34) (6,34) 19
(7,34) (8,34) 6
(8,34) (7,34) 9
(8,34) (9,34) 6
(9,34) (8,34) 14
(9,34) (10,34) 21
(10,34) (9,34) 23
(10,34) (11,34) 15
(11,34) (10,34) 21
(11,34) (12,34) 6
(12,34) (11,34) 6
(12,34) (13,34) 7
(13,34) (12,34) 20
(13,34) (14,34) 6
(14,34) (13,34) 9
(14,34) (15,34) 3
(15,34) (14,34) 2
(15,34) (16,34) 3
(16,34) (15,34) 21
(16,34) (17,34) 25
(17,34) (16,34) 20
(17,34) (18,34) 25
(18,34) (17,34) 13
(18,34) (19,34) 20
(19,34) (18,34) 14
(19,34) (20,34) 19
(20,34) (19,34) 21
(20,34) (21,34) 10
(21,34) (20,34) 2
(21,34) (22,34) 6
(22,34) (21,34) 16
(22,34) (23,34) 17
(23,34) (22,34) 13
(23,34) (24,34) 6
(24,34) (23,34) 11
(24,34) (25,34) 8
(25,34) (24,34) 23
(25,34) (26,34) 3
(26,34) (25,34) 25
(26,34) (27,34) 4
(27,34) (26,34) 16
(27,34) (28,34) 3
(28,34) (27,34) 20
(28,34) (29,34) 25
(29,34) (28,34) 16
(29,34) (30,34) 20
(30,34) (29,34) 22
(1,35) (2,35) 16
(2,35) (1,35) 9
(2,35) (3,35) 22
(3,35) (2,35) 22
(3,35) (4,35) 6
(4,35) (3,35) 17
(4,35) (5,35) 21
(5,35) (4,35) 20
(5,35) (6,35) 14
(6,35) (5,35) 8
(6,35) (7,35) 10
(7,35) (6,35) 20
(7,35) (8,35) 22
(8,35) (7,35) 3
(8,35) (9,35) 23
(9,35) (8,35) 19
(9,35) (10,35) 14
(10,35) (9,35) 13
(10,35) (11,35) 18
(11,35) (10,35) 7
(11,35) (12,35) 24
(12,35) (11,35) 12
(12,35) (13,35) 12
(13,35) (12,35) 14
(13,35) (14,35) 11
(14,35) (13,35) 1
(14,35) (15,35) 21
(15,35) (14,35) 18
(15,35) (16,35) 21
(16,35) (15,35) 13
(16,35) (17,35) 20
(17,35) (16,35) 1
(17,35) (18,35) 9
(18,35) (17,35) 24
(18,35) (19,35) 23
(19,35) (18,35) 21
(19,35) (20,35) 2
(20,35) (19,35) 17
(20,35) (21,35) 11
(21,35) (20,35) 15
(21,35) (22,35) 19
(22,35) (21,35) 14
(22,35) (23,35) 3
(23,35) (22,35) 4
(23,35) (24,35) 24
(24,35) (23,35) 22
(24,35) (25,35) 23
(25,35) (24,35) 7
(25,35) (26,35) 7
(26,35) (25,35) 6
(26,35) (27,35) 8
(27,35) (26,35) 19
(27,35) (28,35) 3
(28,35) (27,35) 3
(28,35) (29,35) 21
(29,35) (28,35) 21
(29,35) (30,35) 19
(30,35) (29,35) 1
(1,36) (2,36) 2
(2,36) (1,36) 17
(2,36) (3,36) 12
(3,36) (2,36) 24
(3,36) (4,36) 21
(4,36) (3,36) 20
(4,36) (5,36) 7
(5,36) (4,36) 7
(5,36) (6,36) 3
(6,36) (5,36) 17
(6,36) (7,36) 25
(7,36) (6,36) 21
(7,36) (8,36) 13
(8,36) (7,36) 10
(8,36) (9,36) 25
(9,36) (8,36) 19
(9,36) (10,36) 8
(10,36) (9,36) 15
(10,36) (11,36) 18
(11,36) (10,36) 20
(11,36) (12,36) 11
(12,36) (11,36) 9
(12,36) (13,36) 25
(13,36) (12,36) 2
(13,36) (14,36) 13
(14,36) (13,36) 7
(14,36) (15,36) 5
(15,36) (14,36) 21
(15,36) (16,36) 25
(16,36) (15,36) 16
(16,36) (17,36) 24
(17,36) (16,36) 15
(17,36) (18,36) 2
(18,36) (17,36) 17
(18,36) (19,36) 13
(19,36) (18,36) 11
(19,36) (20,36) 19
(20,36) (19,36) 15
(20,36) (21,36) 7
(21,36) (20,36) 17
(21,36) (22,36) 22
(22,36) (21,36) 8
(22,36) (23,36) 11
(23,36) (22,36) 3
(23,36) (24,36) 13
(24,36) (23,36) 14
(24,36) (25,36) 16
(25,36) (24,36) 7
(25,36) (26,36) 22
(26,36) (25,36) 3
(26,36) (27,36) 13
(27,36) (26,36) 15
(27,36) (28,36) 2
(28,36) (27,36) 5
(28,36) (29,36) 22
(29,36) (28,36) 4
(29,36) (30,36) 2
(30,36) (29,36) 22
(1,37) (2,37) 24
(2,37) (1,37) 25
(2,37) (3,37) 12
(3,37) (2,37) 22
(3,37) (4,37) 22
(4,37) (3,37) 20
(4,37) (5,37) 12
(5,37) (4,37) 3
(5,37) (6,37) 10
(6,37) (5,37) 3
(6,37) (7,37) 15
(7,37) (6,37) 11
(7,37) (8,37) 13
(8,37) (7,37) 3
(8,37) (9,37) 16
(9,37) (8,37) 19
(9,37) (10,37) 21
(10,37) (9,37) 16
(10,37) (11,37) 22
(11,37) (10,37) 22
(11,37) (12,37) 9
(12,37) (11,37) 17
(12,37) (13,37) 16
(13,37) (12,37) 2
(13,37) (14,37) 16
(14,37) (13,37) 19
(14,37) (15,37) 1
(15,37) (14,37) 3
(15,37) (16,37) 25
(16,37) (15,37) 20
(16,37) (17,37) 20
(17,37) (16,37) 1
(17,37) (18,37) 23
(18,37) (17,37) 2
(18,37) (19,37) 2
(19,37) (18,37) 19
(19,37) (20,37) 3
(20,37) (19,37) 12
(20,37) (21,37) 25
(21,37) (20,37) 16
(21,37) (22,37) 5
(22,37) (21,37) 8
(22,37) (23,37) 20
(23,37) (22,37) 18
(23,37) (24,37) 24
(24,37) (23,37) 3
(24,37) (25,37) 12
(25,37) (24,37) 5
(25,37) (26,37) 11
(26,37) (25,37) 6
(26,37) (27,37) 15
(27,37) (26,37) 11
(27,37) (28,37) 23
(28,37) (27,37) 5
(28,37) (29,37) 14
(29,37) (28,37) 14
(29,37) (30,37) 3
(30,37) (29,37) 13
(1,38) (2,38) 15
(2,38) (1,38) 12
(2,38) (3,38) 14
(3,38) (2,38) 5
(3,38) (4,38) 18
(4,38) (3,38) 1
(4,38) (5,38) 25
(5,38) (4,38) 2
(5,38) (6,38) 11
(6,38) (5,38) 19
(6,38) (7,38) 4
(7,38) (6,38) 7
(7,38) (8,38) 14
(8,38) (7,38) 12
(8,38) (9,38) 23
(9,38) (8,38) 9
(9,38) (10,38) 25
(10,38) (9,38) 16
(10,38) (11,38) 15
(11,38) (10,38) 21
(11,38) (12,38) 13
(12,38) (11,38) 19
(12,38) (13,38) 16
(13,38) (12,38) 19
(13,38) (14,38) 9
(14,38) (13,38) 20
(14,38) (15,38) 16
(15,38) (14,38) 3
(15,38) (16,38) 17
(16,38) (15,38) 10
(16,38) (17,38) 4
(17,38) (16,38) 1
(17,38) (18,38) 7
(18,38) (17,38) 23
(18,38) (19,38) 3
(19,38) (18,38) 13
(19,38) (20,38) 24
(20,38) (19,38) 2
(20,38) (21,38) 11
(21,38) (20,38) 21
(21,38) (22,38) 10
(22,38) (21,38) 7
(22,38) (23,38) 1
(23,38) (22,38) 12
(23,38) (24,38) 11
(24,38) (23,38) 16
(24,38) (25,38) 8
(25,38) (24,38) 1
(25,38) (26,38) 4
(26,38) (25,38) 3
(26,38) (27,38) 5
(27,38) (26,38) 19
(27,38) (28,38) 16
(28,38) (27,38) 15
(28,38) (29,38) 1
(29,38) (28,38) 3
(29,38) (30,38) 18
(30,38) (29,38) 23
(1,39) (2,39) 23
(2,39) (1,39) 5
(2,39) (3,39) 8
(3,39) (2,39) 23
(3,39) (4,39) 24
(4,39) (3,39) 12
(4,39) (5,39) 8
(5,39) (4,39) 4
(5,39) (6,39) 25
(6,39) (5,39) 3
(6,39) (7,39) 4
(7,39) (6,39) 12
(7,39) (8,39) 11
(8,39) (7,39) 8
(8,39) (9,39) 1
(9,39) (8,39) 12
(9,39) (10,39) 17
(10,39) (9,39) 6
(10,39) (11,39) 2
(11,39) (10,39) 1
(11,39) (12,39) 15
(12,39) (11,39) 18
(12,39) (13,39) 22
(13,39) (12,39) 6
(13,39) (14,39) 21
(14,39) (13,39) 13
(14,39) (15,39) 15
(15,39) (14,39) 5
(15,39) (16,39) 1
(16,39) (15,39) 17
(16,39) (17,39) 17
(17,39) (16,39) 15
(17,39) (18,39) 25
(18,39) (17,39) 7
(18,39) (19,39) 2
(19,39) (18,39) 24
(19,39) (20,39) 24
(20,39) (19,39) 11
(20,39) (21,39) 8
(21,39) (20,39) 19
(21,39) (22,39) 20
(22,39) (21,39) 25
(22,39) (23,39) 5
(23,39) (22,39) 15
(23,39) (24,39) 12
(24,39) (23,39) 2
(24,39) (25,39) 16
(25,39) (24,39) 8
(25,39) (26,39) 7
(26,39) (25,39) 9
(26,39) (27,39) 11
(27,39) (26,39) 2
(27,39) (28,39) 24
(28,39) (27,39) 12
(28,39) (29,39) 6
(29,39) (28,39) 15
(29,39) (30,39) 4
(30,39) (29,39) 16
(1,40) (2,40) 1
(2,40) (1,40) 10
(2,40) (3,40) 8
(3,40) (2,40) 23
(3,40) (4,40) 4
(4,40) (3,40) 19
(4,40) (5,40) 21
(5,40) (4,40) 19
(5,40) (6,40) 15
(6,40) (5,40) 6
(6,40) (7,40) 3
(7,40) (6,40) 15
(7,40) (8,40) 13
(8,40) (7,40) 5
(8,40) (9,40) 22
(9,40) (8,40) 23
(9,40) (10,40) 3
(10,40) (9,40) 16
(10,40) (11,40) 13
(11,40) (10,40) 2
(11,40) (12,40) 12
(12,40) (11,40) 4
(12,40) (13,40) 12
(13,40) (12,40) 13
(13,40) (14,40) 18
(14,40) (13,40) 11
(14,40) (15,40) 16
(15,40) (14,40) 2
(15,40) (16,40) 9
(16,40) (15,40) 6
(16,40) (17,40) 2
(17,40) (16,40) 12
(17,40) (18,40) 18
(18,40) (17,40) 23
(18,40) (19,40) 1
(19,40) (18,40) 24
(19,40) (20,40) 1
(20,40) (19,40) 6
(20,40) (21,40) 2
(21,40) (20,40) 19
(21,40) (22,40) 6
(22,40) (21,40) 1
(22,40) (23,40) 13
(23,40) (22,40) 25
(23,40) (24,40) 4
(24,40) (23,40) 22
(24,40) (25,40) 14
(25,40) (24,40) 6
(25,40) (26,40) 1
(26,40) (25,40) 10
(26,40) (27,40) 5
(27,40) (26,40) 19
(27,40) (28,40) 3
(28,40) (27,40) 8
(28,40) (29,40) 14
(29,40) (28,40) 16
(29,40) (30,40) 25
(30,40) (29,40) 2
(1,40) t 22
(2,40) t 23
(3,40) t 12
(4,40) t 12
(5,40) t 19
(6,40) t 5
(7,40) t 4
(8,40) t 12
(9,40) t 2
(10,40) t 16
(11,40) t 15
(12,40) t 1
(13,40) t 25
(14,40) t 10
(15,40) t 11
(16,40) t 4
(17,40) t 20
(18,40) t 17
(19,40) t 14
(20,40) t 2
(21,40) t 20
(22,40) t 13
(23,40) t 4
(24,40) t 9
(25,40) t 7
(26,40) t 3
(27,40) t 20
(28,40) t 14
(29,40) t 20
(30,40) t 9
