s (1,1) 485
s (2,1) 94
s (3,1) 413
s (4,1) 238
s (5,1) 462
s (6,1) 120
s (7,1) 367
s (8,1) 500
s (9,1) 182
s (10,1) 460
(1,1) (1,2) 463
(2,1) (2,2) 95
(3,1) (3,2) 490
(4,1) (4,2) 104
(5,1) (5,2) 496
(6,1) (6,2) 458
(7,1) (7,2) 145
(8,1) (8,2) 143
(9,1) (9,2) 337
(10,1) (10,2) 106
(1,2) (1,3) 464
(2,2) (2,3) 348
(3,2) (3,3) 83
(4,2) (4,3) 277
(5,2) (5,3) 150
(6,2) (6,3) 193
(7,2) (7,3) 182
(8,2) (8,3) 11
(9,2) (9,3) 311
(10,2) (10,3) 271
(1,3) (1,4) 399
(2,3) (2,4) 223
(3,3) (3,4) 419
(4,3) (4,4) 195
(5,3) (5,4) 474
(6,3) (6,4) 324
(7,3) (7,4) 354
(8,3) (8,4) 125
(9,3) (9,4) 174
(10,3) (10,4) 347
(1,4) (1,5) 106
(2,4) (2,5) 405
(3,4) (3,5) 234
(4,4) (4,5) 354
(5,4) (5,5) 133
(6,4) (6,5) 226
(7,4) (7,5) 91
(8,4) (8,5) 491
(9,4) (9,5) 160
(10,4) (10,5) 484
(1,5) (1,6) 64
(2,5) (2,6) 483
(3,5) (3,6) 112
(4,5) (4,6) 36
(5,5) (5,6) 301
(6,5) (6,6) 383
(7,5) (7,6) 337
(8,5) (8,6) 43
(9,5) (9,6) 498
(10,5) (10,6) 201
(1,6) (1,7) 449
(2,6) (2,7) 472
(3,6) (3,7) 319
(4,6) (4,7) 160
(5,6) (5,7) 124
(6,6) (6,7) 497
(7,6) (7,7) 101
(8,6) (8,7) 109
(9,6) (9,7) 147
(10,6) (10,7) 224
(1,7) (1,8) 452
(2,7) (2,8) 354
(3,7) (3,8) 282
(4,7) (4,8) 225
(5,7) (5,8) 271
(6,7) (6,8) 225
(7,7) (7,8) 499
(8,7) (8,8) 376
(9,7) (9,8) 258
(10,7) (10,8) 470
(1,8) (1,9) 315
(2,8) (2,9) 318
(3,8) (3,9) 399
(4,8) (4,9) 26
(5,8) (5,9) 484
(6,8) (6,9) 128
(7,8) (7,9) 341
(8,8) (8,9) 272
(9,8) (9,9) 142
(10,8) (10,9) 402
(1,9) (1,10) 333
(2,9) (2,10) 274
(3,9) (3,10) 179
(4,9) (4,10) 147
(5,9) (5,10) 46
(6,9) (6,10) 349
(7,9) (7,10) 120
(8,9) (8,10) 398
(9,9) (9,10) 280
(10,9) (10,10) 42
(1,10) (1,11) 217
(2,10) (2,11) 314
(3,10) (3,11) 205
(4,10) (4,11) 33
(5,10) (5,11) 17
(6,10) (6,11) 128
(7,10) (7,11) 69
(8,10) (8,11) 76
(9,10) (9,11) 394
(10,10) (10,11) 9
(1,11) (1,12) 49
(2,11) (2,12) 13
(3,11) (3,12) 183
(4,11) (4,12) 456
(5,11) (5,12) 471
(6,11) (6,12) 18
(7,11) (7,12) 486
(8,11) (8,12) 469
(9,11) (9,12) 493
(10,11) (10,12) 38
(1,12) (1,13) 228
(2,12) (2,13) 51
(3,12) (3,13) 371
(4,12) (4,13) 277
(5,12) (5,13) 249
(6,12) (6,13) 52
(7,12) (7,13) 203
(8,12) (8,13) 456
(9,12) (9,13) 133
(10,12) (10,13) 178
(1,13) (1,14) 60
(2,13) (2,14) 479
(3,13) (3,14) 392
(4,13) (4,14) 39
(5,13) (5,14) 114
(6,13) (6,14) 108
(7,13) (7,14) 235
(8,13) (8,14) 111
(9,13) (9,14) 333
(10,13) (10,14) 200
(1,14) (1,15) 487
(2,14) (2,15) 319
(3,14) (3,15) 37
(4,14) (4,15) 306
(5,14) (5,15) 212
(6,14) (6,15) 114
(7,14) (7,15) 43
(8,14) (8,15) 32
(9,14) (9,15) 262
(10,14) (10,15) 463
(1,15) (1,16) 439
(2,15) (2,16) 23
(3,15) (3,16) 388
(4,15) (4,16) 284
(5,15) (5,16) 486
(6,15) (6,16) 227
(7,15) (7,16) 19
(8,15) (8,16) 438
(9,15) (9,16) 30
(10,15) (10,16) 311
(1,16) (1,17) 373
(2,16) (2,17) 171
(3,16) (3,17) 324
(4,16) (4,17) 415
(5,16) (5,17) 208
(6,16) (6,17) 327
(7,16) (7,17) 45
(8,16) (8,17) 355
(9,16) (9,17) 221
(10,16) (10,17) 148
(1,17) (1,18) 67
(2,17) (2,18) 1
(3,17) (3,18) 326
(4,17) (4,18) 240
(5,17) (5,18) 128
(6,17) (6,18) 144
(7,17) (7,18) 345
(8,17) (8,18) 56
(9,17) (9,18) 169
(10,17) (10,18) 451
(1,18) (1,19) 206
(2,18) (2,19) 493
(3,18) (3,19) 81
(4,18) (4,19) 177
(5,18) (5,19) 385
(6,18) (6,19) 103
(7,18) (7,19) 500
(8,18) (8,19) 455
(9,18) (9,19) 172
(10,18) (10,19) 231
(1,19) (1,20) 135
(2,19) (2,20) 65
(3,19) (3,20) 352
(4,19) (4,20) 43
(5,19) (5,20) 153
(6,19) (6,20) 294
(7,19) (7,20) 252
(8,19) (8,20) 354
(9,19) (9,20) 88
(10,19) (10,20) 6
(1,1) (2,1) 102
(2,1) (1,1) 410
(2,1) (3,1) 494
(3,1) (2,1) 142
(3,1) (4,1) 191
(4,1) (3,1) 180
(4,1) (5,1) 20
(5,1) (4,1) 115
(5,1) (6,1) 346
(6,1) (5,1) 246
(6,1) (7,1) 498
(7,1) (6,1) 76
(7,1) (8,1) 377
(8,1) (7,1) 261
(8,1) (9,1) 77
(9,1) (8,1) 74
(9,1) (10,1) 375
(10,1) (9,1) 236
(1,2) (2,2) 157
(2,2) (1,2) 50
(2,2) (3,2) 82
(3,2) (2,2) 445
(3,2) (4,2) 314
(4,2) (3,2) 142
(4,2) (5,2) 81
(5,2) (4,2) 369
(5,2) (6,2) 315
(6,2) (5,2) 442
(6,2) (7,2) 34
(7,2) (6,2) 335
(7,2) (8,2) 410
(8,2) (7,2) 97
(8,2) (9,2) 227
(9,2) (8,2) 418
(9,2) (10,2) 391
(10,2) (9,2) 312
(1,3) (2,3) 286
(2,3) (1,3) 197
(2,3) (3,3) 88
(3,3) (2,3) 270
(3,3) (4,3) 224
(4,3) (3,3) 265
(4,3) (5,3) 238
(5,3) (4,3) 135
(5,3) (6,3) 338
(6,3) (5,3) 281
(6,3) (7,3) 194
(7,3) (6,3) 232
(7,3) (8,3) 59
(8,3) (7,3) 417
(8,3) (9,3) 395
(9,3) (8,3) 139
(9,3) (10,3) 199
(10,3) (9,3) 357
(1,4) (2,4) 351
(2,4) (1,4) 237
(2,4) (3,4) 4
(3,4) (2,4) 210
(3,4) (4,4) 453
(4,4) (3,4) 476
(4,4) (5,4) 473
(5,4) (4,4) 63
(5,4) (6,4) 455
(6,4) (5,4) 380
(6,4) (7,4) 427
(7,4) (6,4) 90
(7,4) (8,4) 246
(8,4) (7,4) 406
(8,4) (9,4) 187
(9,4) (8,4) 205
(9,4) (10,4) 340
(10,4) (9,4) 171
(1,5) (2,5) 42
(2,5) (1,5) 308
(2,5) (3,5) 48
(3,5) (2,5) 207
(3,5) (4,5) 495
(4,5) (3,5) 154
(4,5) (5,5) 32
(5,5) (4,5) 481
(5,5) (6,5) 205
(6,5) (5,5) 64
(6,5) (7,5) 464
(7,5) (6,5) 267
(7,5) (8,5) 213
(8,5) (7,5) 27
(8,5) (9,5) 71
(9,5) (8,5) 216
(9,5) (10,5) 82
(10,5) (9,5) 457
(1,6) (2,6) 56
(2,6) (1,6) 38
(2,6) (3,6) 472
(3,6) (2,6) 158
(3,6) (4,6) 151
(4,6) (3,6) 124
(4,6) (5,6) 286
(5,6) (4,6) 109
(5,6) (6,6) 70
(6,6) (5,6) 73
(6,6) (7,6) 262
(7,6) (6,6) 86
(7,6) (8,6) 88
(8,6) (7,6) 421
(8,6) (9,6) 352
(9,6) (8,6) 376
(9,6) (10,6) 161
(10,6) (9,6) 500
(1,7) (2,7) 158
(2,7) (1,7) 163
(2,7) (3,7) 352
(3,7) (2,7) 300
(3,7) (4,7) 311
(4,7) (3,7) 32
(4,7) (5,7) 120
(5,7) (4,7) 262
(5,7) (6,7) 490
(6,7) (5,7) 274
(6,7) (7,7) 129
(7,7) (6,7) 94
(7,7) (8,7) 478
(8,7) (7,7) 466
(8,7) (9,7) 120
(9,7) (8,7) 440
(9,7) (10,7) 356
(10,7) (9,7) 211
(1,8) (2,8) 307
(2,8) (1,8) 419
(2,8) (3,8) 129
(3,8) (2,8) 231
(3,8) (4,8) 448
(4,8) (3,8) 248
(4,8) (5,8) 179
(5,8) (4,8) 153
(5,8) (6,8) 272
(6,8) (5,8) 428
(6,8) (7,8) 439
(7,8) (6,8) 451
(7,8) (8,8) 16
(8,8) (7,8) 207
(8,8) (9,8) 173
(9,8) (8,8) 478
(9,8) (10,8) 372
(10,8) (9,8) 253
(1,9) (2,9) 91
(2,9) (1,9) 401
(2,9) (3,9) 460
(3,9) (2,9) 195
(3,9) (4,9) 7
(4,9) (3,9) 84
(4,9) (5,9) 169
(5,9) (4,9) 179
(5,9) (6,9) 125
(6,9) (5,9) 297
(6,9) (7,9) 332
(7,9) (6,9) 350
(7,9) (8,9) 350
(8,9) (7,9) 260
(8,9) (9,9) 389
(9,9) (8,9) 46
(9,9) (10,9) 476
(10,9) (9,9) 336
(1,10) (2,10) 384
(2,10) (1,10) 52
(2,10) (3,10) 386
(3,10) (2,10) 213
(3,10) (4,10) 485
(4,10) (3,10) 212
(4,10) (5,10) 54
(5,10) (4,10) 223
(5,10) (6,10) 182
(6,10) (5,10) 248
(6,10) (7,10) 46
(7,10) (6,10) 385
(7,10) (8,10) 498
(8,10) (7,10) 275
(8,10) (9,10) 89
(9,10) (8,10) 124
(9,10) (10,10) 468
(10,10) (9,10) 38
(1,11) (2,11) 84
(2,11) (1,11) 499
(2,11) (3,11) 403
(3,11) (2,11) 447
(3,11) (4,11) 74
(4,11) (3,11) 315
(4,11) (5,11) 65
(5,11) (4,11) 494
(5,11) (6,11) 420
(6,11) (5,11) 239
(6,11) (7,11) 67
(7,11) (6,11) 381
(7,11) (8,11) 457
(8,11) (7,11) 445
(8,11) (9,11) 89
(9,11) (8,11) 252
(9,11) (10,11) 346
(10,11) (9,11) 381
(1,12) (2,12) 221
(2,12) (1,12) 473
(2,12) (3,12) 206
(3,12) (2,12) 408
(3,12) (4,12) 143
(4,12) (3,12) 94
(4,12) (5,12) 306
(5,12) (4,12) 333
(5,12) (6,12) 324
(6,12) (5,12) 180
(6,12) (7,12) 228
(7,12) (6,12) 252
(7,12) (8,12) 212
(8,12) (7,12) 153
(8,12) (9,12) 69
(9,12) (8,12) 76
(9,12) (10,12) 351
(10,12) (9,12) 74
(1,13) (2,13) 337
(2,13) (1,13) 431
(2,13) (3,13) 331
(3,13) (2,13) 175
(3,13) (4,13) 499
(4,13) (3,13) 65
(4,13) (5,13) 40
(5,13) (4,13) 453
(5,13) (6,13) 18
(6,13) (5,13) 149
(6,13) (7,13) 164
(7,13) (6,13) 253
(7,13) (8,13) 320
(8,13) (7,13) 176
(8,13) (9,13) 74
(9,13) (8,13) 115
(9,13) (10,13) 86
(10,13) (9,13) 36
(1,14) (2,14) 222
(2,14) (1,14) 241
(2,14) (3,14) 13
(3,14) (2,14) 358
(3,14) (4,14) 56
(4,14) (3,14) 15
(4,14) (5,14) 480
(5,14) (4,14) 325
(5,14) (6,14) 455
(6,14) (5,14) 229
(6,14) (7,14) 494
(7,14) (6,14) 214
(7,14) (8,14) 321
(8,14) (7,14) 148
(8,14) (9,14) 459
(9,14) (8,14) 413
(9,14) (10,14) 249
(10,14) (9,14) 131
(1,15) (2,15) 235
(2,15) (1,15) 254
(2,15) (3,15) 392
(3,15) (2,15) 172
(3,15) (4,15) 407
(4,15) (3,15) 137
(4,15) (5,15) 420
(5,15) (4,15) 430
(5,15) (6,15) 421
(6,15) (5,15) 127
(6,15) (7,15) 299
(7,15) (6,15) 438
(7,15) (8,15) 458
(8,15) (7,15) 109
(8,15) (9,15) 5
(9,15) (8,15) 115
(9,15) (10,15) 327
(10,15) (9,15) 56
(1,16) (2,16) 149
(2,16) (1,16) 308
(2,16) (3,16) 278
(3,16) (2,16) 192
(3,16) (4,16) 362
(4,16) (3,16) 476
(4,16) (5,16) 403
(5,16) (4,16) 475
(5,16) (6,16) 198
(6,16) (5,16) 445
(6,16) (7,16) 371
(7,16) (6,16) 485
(7,16) (8,16) 480
(8,16) (7,16) 198
(8,16) (9,16) 416
(9,16) (8,16) 369
(9,16) (10,16) 123
(10,16) (9,16) 231
(1,17) (2,17) 99
(2,17) (1,17) 243
(2,17) (3,17) 155
(3,17) (2,17) 120
(3,17) (4,17) 303
(4,17) (3,17) 362
(4,17) (5,17) 472
(5,17) (4,17) 26
(5,17) (6,17) 483
(6,17) (5,17) 230
(6,17) (7,17) 169
(7,17) (6,17) 485
(7,17) (8,17) 216
(8,17) (7,17) 146
(8,17) (9,17) 492
(9,17) (8,17) 147
(9,17) (10,17) 433
(10,17) (9,17) 304
(1,18) (2,18) 321
(2,18) (1,18) 274
(2,18) (3,18) 60
(3,18) (2,18) 309
(3,18) (4,18) 152
(4,18) (3,18) 237
(4,18) (5,18) 94
(5,18) (4,18) 436
(5,18) (6,18) 463
(6,18) (5,18) 265
(6,18) (7,18) 18
(7,18) (6,18) 251
(7,18) (8,18) 314
(8,18) (7,18) 139
(8,18) (9,18) 442
(9,18) (8,18) 153
(9,18) (10,18) 451
(10,18) (9,18) 475
(1,19) (2,19) 247
(2,19) (1,19) 420
(2,19) (3,19) 77
(3,19) (2,19) 247
(3,19) (4,19) 353
(4,19) (3,19) 31
(4,19) (5,19) 65
(5,19) (4,19) 125
(5,19) (6,19) 348
(6,19) (5,19) 341
(6,19) (7,19) 91
(7,19) (6,19) 52
(7,19) (8,19) 413
(8,19) (7,19) 73
(8,19) (9,19) 63
(9,19) (8,19) 110
(9,19) (10,19) 48
(10,19) (9,19) 73
(1,20) (2,20) 277
(2,20) (1,20) 496
(2,20) (3,20) 403
(3,20) (2,20) 185
(3,20) (4,20) 420
(4,20) (3,20) 387
(4,20) (5,20) 36
(5,20) (4,20) 332
(5,20) (6,20) 3
(6,20) (5,20) 474
(6,20) (7,20) 157
(7,20) (6,20) 366
(7,20) (8,20) 44
(8,20) (7,20) 449
(8,20) (9,20) 353
(9,20) (8,20) 51
(9,20) (10,20) 35
(10,20) (9,20) 413
(1,20) t 194
(2,20) t 285
(3,20) t 175
(4,20) t 287
(5,20) t 362
(6,20) t 45
(7,20) t 132
(8,20) t 443
(9,20) t 423
(10,20) t 407
