s (1,1) 629
s (2,1) 945
s (3,1) 642
s (4,1) 717
s (5,1) 159
s (6,1) 663
s (7,1) 998
s (8,1) 594
s (9,1) 483
s (10,1) 109
(1,1) (1,2) 607
(2,1) (2,2) 831
(3,1) (3,2) 689
(4,1) (4,2) 901
(5,1) (5,2) 221
(6,1) (6,2) 609
(7,1) (7,2) 51
(8,1) (8,2) 564
(9,1) (9,2) 468
(10,1) (10,2) 204
(1,2) (1,3) 741
(2,2) (2,3) 937
(3,2) (3,3) 664
(4,2) (4,3) 906
(5,2) (5,3) 83
(6,2) (6,3) 182
(7,2) (7,3) 494
(8,2) (8,3) 310
(9,2) (9,3) 185
(10,2) (10,3) 300
(1,3) (1,4) 862
(2,3) (2,4) 199
(3,3) (3,4) 763
(4,3) (4,4) 59
(5,3) (5,4) 776
(6,3) (6,4) 712
(7,3) (7,4) 714
(8,3) (8,4) 966
(9,3) (9,4) 874
(10,3) (10,4) 76
(1,4) (1,5) 304
(2,4) (2,5) 365
(3,4) (3,5) 179
(4,4) (4,5) 687
(5,4) (5,5) 984
(6,4) (6,5) 228
(7,4) (7,5) 287
(8,4) (8,5) 719
(9,4) (9,5) 541
(10,4) (10,5) 905
(1,5) (1,6) 120
(2,5) (2,6) 201
(3,5) (3,6) 173
(4,5) (4,6) 395
(5,5) (5,6) 725
(6,5) (6,6) 392
(7,5) (7,6) 569
(8,5) (8,6) 253
(9,5) (9,6) 761
(10,5) (10,6) 681
(1,6) (1,7) 356
(2,6) (2,7) 826
(3,6) (3,7) 299
(4,6) (4,7) 898
(5,6) (5,7) 245
(6,6) (6,7) 91
(7,6) (7,7) 542
(8,6) (8,7) 656
(9,6) (9,7) 51
(10,6) (10,7) 276
(1,7) (1,8) 524
(2,7) (2,8) 248
(3,7) (3,8) 485
(4,7) (4,8) 492
(5,7) (5,8) 524
(6,7) (6,8) 13
(7,7) (7,8) 251
(8,7) (8,8) 731
(9,7) (9,8) 900
(10,7) (10,8) 976
(1,8) (1,9) 52
(2,8) (2,9) 246
(3,8) (3,9) 317
(4,8) (4,9) 886
(5,8) (5,9) 972
(6,8) (6,9) 197
(7,8) (7,9) 42
(8,8) (8,9) 243
(9,8) (9,9) 98
(10,8) (10,9) 334
(1,9) (1,10) 772
(2,9) (2,10) 292
(3,9) (3,10) 780
(4,9) (4,10) 987
(5,9) (5,10) 550
(6,9) (6,10) 722
(7,9) (7,10) 823
(8,9) (8,10) 198
(9,9) (9,10) 111
(10,9) (10,10) 162
(1,10) (1,11) 639
(2,10) (2,11) 212
(3,10) (3,11) 217
(4,10) (4,11) 930
(5,10) (5,11) 958
(6,10) (6,11) 191
(7,10) (7,11) 765
(8,10) (8,11) 782
(9,10) (9,11) 373
(10,10) (10,11) 326
(1,11) (1,12) 601
(2,11) (2,12) 32
(3,11) (3,12) 221
(4,11) (4,12) 944
(5,11) (5,12) 56
(6,11) (6,12) 150
(7,11) (7,12) 200
(8,11) (8,12) 965
(9,11) (9,12) 852
(10,11) (10,12) 654
(1,12) (1,13) 617
(2,12) (2,13) 117
(3,12) (3,13) 418
(4,12) (4,13) 532
(5,12) (5,13) 525
(6,12) (6,13) 209
(7,12) (7,13) 289
(8,12) (8,13) 636
(9,12) (9,13) 532
(10,12) (10,13) 919
(1,13) (1,14) 513
(2,13) (2,14) 354
(3,13) (3,14) 600
(4,13) (4,14) 908
(5,13) (5,14) 388
(6,13) (6,14) 110
(7,13) (7,14) 569
(8,13) (8,14) 834
(9,13) (9,14) 452
(10,13) (10,14) 214
(1,14) (1,15) 858
(2,14) (2,15) 881
(3,14) (3,15) 329
(4,14) (4,15) 332
(5,14) (5,15) 316
(6,14) (6,15) 194
(7,14) (7,15) 101
(8,14) (8,15) 543
(9,14) (9,15) 244
(10,14) (10,15) 446
(1,15) (1,16) 62
(2,15) (2,16) 389
(3,15) (3,16) 979
(4,15) (4,16) 13
(5,15) (5,16) 710
(6,15) (6,16) 869
(7,15) (7,16) 459
(8,15) (8,16) 474
(9,15) (9,16) 115
(10,15) (10,16) 674
(1,16) (1,17) 673
(2,16) (2,17) 963
(3,16) (3,17) 470
(4,16) (4,17) 204
(5,16) (5,17) 860
(6,16) (6,17) 199
(7,16) (7,17) 522
(8,16) (8,17) 625
(9,16) (9,17) 984
(10,16) (10,17) 96
(1,17) (1,18) 107
(2,17) (2,18) 417
(3,17) (3,18) 398
(4,17) (4,18) 552
(5,17) (5,18) 601
(6,17) (6,18) 7
(7,17) (7,18) 196
(8,17) (8,18) 1000
(9,17) (9,18) 791
(10,17) (10,18) 131
(1,18) (1,19) 28
(2,18) (2,19) 644
(3,18) (3,19) 516
(4,18) (4,19) 60
(5,18) (5,19) 820
(6,18) (6,19) 818
(7,18) (7,19) 646
(8,18) (8,19) 395
(9,18) (9,19) 42
(10,18) (10,19) 825
(1,19) (1,20) 501
(2,19) (2,20) 707
(3,19) (3,20) 90
(4,19) (4,20) 110
(5,19) (5,20) 403
(6,19) (6,20) 84
(7,19) (7,20) 693
(8,19) (8,20) 369
(9,19) (9,20) 542
(10,19) (10,20) 550
(1,1) (2,1) 711
(2,1) (1,1) 518
(2,1) (3,1) 744
(3,1) (2,1) 699
(3,1) (4,1) 174
(4,1) (3,1) 1000
(4,1) (5,1) 644
(5,1) (4,1) 69
(5,1) (6,1) 714
(6,1) (5,1) 992
(6,1) (7,1) 220
(7,1) (6,1) 31
(7,1) (8,1) 949
(8,1) (7,1) 987
(8,1) (9,1) 667
(9,1) (8,1) 272
(9,1) (10,1) 640
(10,1) (9,1) 569
(1,2) (2,2) 236
(2,2) (1,2) 377
(2,2) (3,2) 423
(3,2) (2,2) 986
(3,2) (4,2) 581
(4,2) (3,2) 104
(4,2) (5,2) 266
(5,2) (4,2) 339
(5,2) (6,2) 412
(6,2) (5,2) 205
(6,2) (7,2) 921
(7,2) (6,2) 678
(7,2) (8,2) 877
(8,2) (7,2) 146
(8,2) (9,2) 636
(9,2) (8,2) 223
(9,2) (10,2) 821
(10,2) (9,2) 223
(1,3) (2,3) 20
(2,3) (1,3) 899
(2,3) (3,3) 910
(3,3) (2,3) 19
(3,3) (4,3) 265
(4,3) (3,3) 444
(4,3) (5,3) 895
(5,3) (4,3) 495
(5,3) (6,3) 489
(6,3) (5,3) 23
(6,3) (7,3) 678
(7,3) (6,3) 524
(7,3) (8,3) 722
(8,3) (7,3) 990
(8,3) (9,3) 85
(9,3) (8,3) 701
(9,3) (10,3) 548
(10,3) (9,3) 760
(1,4) (2,4) 727
(2,4) (1,4) 503
(2,4) (3,4) 614
(3,4) (2,4) 966
(3,4) (4,4) 605
(4,4) (3,4) 276
(4,4) (5,4) 99
(5,4) (4,4) 202
(5,4) (6,4) 514
(6,4) (5,4) 991
(6,4) (7,4) 601
(7,4) (6,4) 328
(7,4) (8,4) 647
(8,4) (7,4) 578
(8,4) (9,4) 174
(9,4) (8,4) 294
(9,4) (10,4) 731
(10,4) (9,4) 508
(1,5) (2,5) 671
(2,5) (1,5) 504
(2,5) (3,5) 531
(3,5) (2,5) 550
(3,5) (4,5) 30
(4,5) (3,5) 452
(4,5) (5,5) 346
(5,5) (4,5) 796
(5,5) (6,5) 831
(6,5) (5,5) 372
(6,5) (7,5) 541
(7,5) (6,5) 905
(7,5) (8,5) 399
(8,5) (7,5) 777
(8,5) (9,5) 78
(9,5) (8,5) 770
(9,5) (10,5) 578
(10,5) (9,5) 4
(1,6) (2,6) 282
(2,6) (1,6) 693
(2,6) (3,6) 703
(3,6) (2,6) 401
(3,6) (4,6) 25
(4,6) (3,6) 251
(4,6) (5,6) 386
(5,6) (4,6) 861
(5,6) (6,6) 746
(6,6) (5,6) 392
(6,6) (7,6) 159
(7,6) (6,6) 822
(7,6) (8,6) 929
(8,6) (7,6) 772
(8,6) (9,6) 206
(9,6) (8,6) 329
(9,6) (10,6) 982
(10,6) (9,6) 777
(1,7) (2,7) 279
(2,7) (1,7) 389
(2,7) (3,7) 98
(3,7) (2,7) 133
(3,7) (4,7) 466
(4,7) (3,7) 879
(4,7) (5,7) 616
(5,7) (4,7) 706
(5,7) (6,7) 827
(6,7) (5,7) 256
(6,7) (7,7) 526
(7,7) (6,7) 304
(7,7) (8,7) 41
(8,7) (7,7) 585
(8,7) (9,7) 351
(9,7) (8,7) 780
(9,7) (10,7) 666
(10,7) (9,7) 239
(1,8) (2,8) 567
(2,8) (1,8) 609
(2,8) (3,8) 749
(3,8) (2,8) 368
(3,8) (4,8) 722
(4,8) (3,8) 269
(4,8) (5,8) 379
(5,8) (4,8) 717
(5,8) (6,8) 393
(6,8) (5,8) 303
(6,8) (7,8) 186
(7,8) (6,8) 362
(7,8) (8,8) 698
(8,8) (7,8) 172
(8,8) (9,8) 952
(9,8) (8,8) 912
(9,8) (10,8) 755
(10,8) (9,8) 553
(1,9) (2,9) 304
(2,9) (1,9) 268
(2,9) (3,9) 258
(3,9) (2,9) 875
(3,9) (4,9) 220
(4,9) (3,9) 697
(4,9) (5,9) 812
(5,9) (4,9) 698
(5,9) (6,9) 32
(6,9) (5,9) 904
(6,9) (7,9) 192
(7,9) (6,9) 548
(7,9) (8,9) 550
(8,9) (7,9) 608
(8,9) (9,9) 103
(9,9) (8,9) 334
(9,9) (10,9) 428
(10,9) (9,9) 280
(1,10) (2,10) 459
(2,10) (1,10) 476
(2,10) (3,10) 910
(3,10) (2,10) 880
(3,10) (4,10) 329
(4,10) (3,10) 810
(4,10) (5,10) 72
(5,10) (4,10) 288
(5,10) (6,10) 164
(6,10) (5,10) 147
(6,10) (7,10) 725
(7,10) (6,10) 648
(7,10) (8,10) 535
(8,10) (7,10) 318
(8,10) (9,10) 125
(9,10) (8,10) 807
(9,10) (10,10) 447
(10,10) (9,10) 602
(1,11) (2,11) 422
(2,11) (1,11) 16
(2,11) (3,11) 371
(3,11) (2,11) 582
(3,11) (4,11) 250
(4,11) (3,11) 230
(4,11) (5,11) 273
(5,11) (4,11) 338
(5,11) (6,11) 81
(6,11) (5,11) 488
(6,11) (7,11) 830
(7,11) (6,11) 532
(7,11) (8,11) 515
(8,11) (7,11) 63
(8,11) (9,11) 97
(9,11) (8,11) 27
(9,11) (10,11) 756
(10,11) (9,11) 652
(1,12) (2,12) 172
(2,12) (1,12) 952
(2,12) (3,12) 940
(3,12) (2,12) 70
(3,12) (4,12) 328
(4,12) (3,12) 562
(4,12) (5,12) 914
(5,12) (4,12) 74
(5,12) (6,12) 957
(6,12) (5,12) 928
(6,12) (7,12) 124
(7,12) (6,12) 963
(7,12) (8,12) 939
(8,12) (7,12) 913
(8,12) (9,12) 422
(9,12) (8,12) 713
(9,12) (10,12) 776
(10,12) (9,12) 287
(1,13) (2,13) 133
(2,13) (1,13) 782
(2,13) (3,13) 101
(3,13) (2,13) 866
(3,13) (4,13) 310
(4,13) (3,13) 947
(4,13) (5,13) 935
(5,13) (4,13) 721
(5,13) (6,13) 623
(6,13) (5,13) 81
(6,13) (7,13) 640
(7,13) (6,13) 140
(7,13) (8,13) 82
(8,13) (7,13) 827
(8,13) (9,13) 111
(9,13) (8,13) 421
(9,13) (10,13) 882
(10,13) (9,13) 553
(1,14) (2,14) 650
(2,14) (1,14) 60
(2,14) (3,14) 467
(3,14) (2,14) 320
(3,14) (4,14) 31
(4,14) (3,14) 713
(4,14) (5,14) 755
(5,14) (4,14) 349
(5,14) (6,14) 594
(6,14) (5,14) 413
(6,14) (7,14) 110
(7,14) (6,14) 136
(7,14) (8,14) 93
(8,14) (7,14) 921
(8,14) (9,14) 34
(9,14) (8,14) 973
(9,14) (10,14) 578
(10,14) (9,14) 24
(1,15) (2,15) 489
(2,15) (1,15) 509
(2,15) (3,15) 222
(3,15) (2,15) 177
(3,15) (4,15) 44
(4,15) (3,15) 251
(4,15) (5,15) 467
(5,15) (4,15) 932
(5,15) (6,15) 890
(6,15) (5,15) 627
(6,15) (7,15) 45
(7,15) (6,15) 205
(7,15) (8,15) 901
(8,15) (7,15) 725
(8,15) (9,15) 502
(9,15) (8,15) 678
(9,15) (10,15) 701
(10,15) (9,15) 503
(1,16) (2,16) 169
(2,16) (1,16) 519
(2,16) (3,16) 891
(3,16) (2,16) 784
(3,16) (4,16) 55
(4,16) (3,16) 545
(4,16) (5,16) 644
(5,16) (4,16) 481
(5,16) (6,16) 193
(6,16) (5,16) 985
(6,16) (7,16) 416
(7,16) (6,16) 574
(7,16) (8,16) 386
(8,16) (7,16) 976
(8,16) (9,16) 230
(9,16) (8,16) 786
(9,16) (10,16) 56
(10,16) (9,16) 766
(1,17) (2,17) 726
(2,17) (1,17) 449
(2,17) (3,17) 816
(3,17) (2,17) 542
(3,17) (4,17) 346
(4,17) (3,17) 126
(4,17) (5,17) 331
(5,17) (4,17) 677
(5,17) (6,17) 202
(6,17) (5,17) 21
(6,17) (7,17) 424
(7,17) (6,17) 940
(7,17) (8,17) 403
(8,17) (7,17) 931
(8,17) (9,17) 871
(9,17) (8,17) 734
(9,17) (10,17) 603
(10,17) (9,17) 265
(1,18) (2,18) 792
(2,18) (1,18) 283
(2,18) (3,18) 339
(3,18) (2,18) 536
(3,18) (4,18) 206
(4,18) (3,18) 146
(4,18) (5,18) 625
(5,18) (4,18) 246
(5,18) (6,18) 139
(6,18) (5,18) 653
(6,18) (7,18) 73
(7,18) (6,18) 238
(7,18) (8,18) 352
(8,18) (7,18) 214
(8,18) (9,18) 816
(9,18) (8,18) 310
(9,18) (10,18) 121
(10,18) (9,18) 192
(1,19) (2,19) 413
(2,19) (1,19) 826
(2,19) (3,19) 780
(3,19) (2,19) 272
(3,19) (4,19) 732
(4,19) (3,19) 998
(4,19) (5,19) 436
(5,19) (4,19) 562
(5,19) (6,19) 904
(6,19) (5,19) 352
(6,19) (7,19) 526
(7,19) (6,19) 888
(7,19) (8,19) 933
(8,19) (7,19) 292
(8,19) (9,19) 303
(9,19) (8,19) 709
(9,19) (10,19) 407
(10,19) (9,19) 753
(1,20) (2,20) 344
(2,20) (1,20) 336
(2,20) (3,20) 906
(3,20) (2,20) 528
(3,20) (4,20) 799
(4,20) (3,20) 716
(4,20) (5,20) 583
(5,20) (4,20) 901
(5,20) (6,20) 187
(6,20) (5,20) 28
(6,20) (7,20) 559
(7,20) (6,20) 134
(7,20) (8,20) 963
(8,20) (7,20) 212
(8,20) (9,20) 487
(9,20) (8,20) 625
(9,20) (10,20) 332
(10,20) (9,20) 514
(1,20) t 249
(2,20) t 395
(3,20) t 318
(4,20) t 660
(5,20) t 539
(6,20) t 730
(7,20) t 993
(8,20) t 427
(9,20) t 117
(10,20) t 211
