s (1,1) 75
s (2,1) 36
s (3,1) 97
s (4,1) 51
s (5,1) 35
s (6,1) 72
s (7,1) 65
s (8,1) 45
s (9,1) 89
s (10,1) 59
(1,1) (1,2) 98
(2,1) (2,2) 73
(3,1) (3,2) 91
(4,1) (4,2) 38
(5,1) (5,2) 79
(6,1) (6,2) 17
(7,1) (7,2) 15
(8,1) (8,2) 52
(9,1) (9,2) 98
(10,1) (10,2) 88
(1,2) (1,3) 89
(2,2) (2,3) 28
(3,2) (3,3) 59
(4,2) (4,3) 96
(5,2) (5,3) 60
(6,2) (6,3) 62
(7,2) (7,3) 89
(8,2) (8,3) 20
(9,2) (9,3) 100
(10,2) (10,3) 51
(1,3) (1,4) 82
(2,3) (2,4) 56
(3,3) (3,4) 1
(4,3) (4,4) 49
(5,3) (5,4) 35
(6,3) (6,4) 69
(7,3) (7,4) 25
(8,3) (8,4) 88
(9,3) (9,4) 88
(10,3) (10,4) 31
(1,4) (1,5) 70
(2,4) (2,5) 82
(3,4) (3,5) 100
(4,4) (4,5) 85
(5,4) (5,5) 66
(6,4) (6,5) 17
(7,4) (7,5) 35
(8,4) (8,5) 68
(9,4) (9,5) 58
(10,4) (10,5) 34
(1,5) (1,6) 18
(2,5) (2,6) 25
(3,5) (3,6) 64
(4,5) (4,6) 95
(5,5) (5,6) 16
(6,5) (6,6) 90
(7,5) (7,6) 96
(8,5) (8,6) 42
(9,5) (9,6) 7
(10,5) (10,6) 56
(1,6) (1,7) 74
(2,6) (2,7) 50
(3,6) (3,7) 23
(4,6) (4,7) 26
(5,6) (5,7) 49
(6,6) (6,7) 60
(7,6) (7,7) 26
(8,6) (8,7) 74
(9,6) (9,7) 20
(10,6) (10,7) 26
(1,7) (1,8) 25
(2,7) (2,8) 73
(3,7) (3,8) 94
(4,7) (4,8) 36
(5,7) (5,8) 43
(6,7) (6,8) 5
(7,7) (7,8) 60
(8,7) (8,8) 12
(9,7) (9,8) 72
(10,7) (10,8) 91
(1,8) (1,9) 96
(2,8) (2,9) 51
(3,8) (3,9) 97
(4,8) (4,9) 56
(5,8) (5,9) 21
(6,8) (6,9) 54
(7,8) (7,9) 51
(8,8) (8,9) 89
(9,8) (9,9) 10
(10,8) (10,9) 92
(1,9) (1,10) 53
(2,9) (2,10) 82
(3,9) (3,10) 67
(4,9) (4,10) 14
(5,9) (5,10) 36
(6,9) (6,10) 83
(7,9) (7,10) 43
(8,9) (8,10) 45
(9,9) (9,10) 93
(10,9) (10,10) 91
(1,10) (1,11) 12
(2,10) (2,11) 100
(3,10) (3,11) 66
(4,10) (4,11) 70
(5,10) (5,11) 14
(6,10) (6,11) 85
(7,10) (7,11) 43
(8,10) (8,11) 35
(9,10) (9,11) 27
(10,10) (10,11) 6
(1,11) (1,12) 17
(2,11) (2,12) 19
(3,11) (3,12) 83
(4,11) (4,12) 61
(5,11) (5,12) 14
(6,11) (6,12) 84
(7,11) (7,12) 48
(8,11) (8,12) 27
(9,11) (9,12) 51
(10,11) (10,12) 94
(1,12) (1,13) 81
(2,12) (2,13) 30
(3,12) (3,13) 50
(4,12) (4,13) 79
(5,12) (5,13) 97
(6,12) (6,13) 100
(7,12) (7,13) 14
(8,12) (8,13) 72
(9,12) (9,13) 91
(10,12) (10,13) 12
(1,13) (1,14) 5
(2,13) (2,14) 79
(3,13) (3,14) 93
(4,13) (4,14) 76
(5,13) (5,14) 90
(6,13) (6,14) 64
(7,13) (7,14) 58
(8,13) (8,14) 66
(9,13) (9,14) 6
(10,13) (10,14) 12
(1,14) (1,15) 76
(2,14) (2,15) 45
(3,14) (3,15) 21
(4,14) (4,15) 57
(5,14) (5,15) 70
(6,14) (6,15) 79
(7,14) (7,15) 78
(8,14) (8,15) 69
(9,14) (9,15) 47
(10,14) (10,15) 68
(1,15) (1,16) 27
(2,15) (2,16) 33
(3,15) (3,16) 10
(4,15) (4,16) 2
(5,15) (5,16) 18
(6,15) (6,16) 27
(7,15) (7,16) 83
(8,15) (8,16) 76
(9,15) (9,16) 46
(10,15) (10,16) 79
(1,16) (1,17) 47
(2,16) (2,17) 50
(3,16) (3,17) 38
(4,16) (4,17) 67
(5,16) (5,17) 83
(6,16) (6,17) 75
(7,16) (7,17) 57
(8,16) (8,17) 2
(9,16) (9,17) 76
(10,16) (10,17) 6
(1,17) (1,18) 58
(2,17) (2,18) 23
(3,17) (3,18) 75
(4,17) (4,18) 23
(5,17) (5,18) 66
(6,17) (6,18) 99
(7,17) (7,18) 30
(8,17) (8,18) 86
(9,17) (9,18) 85
(10,17) (10,18) 68
(1,18) (1,19) 13
(2,18) (2,19) 45
(3,18) (3,19) 62
(4,18) (4,19) 10
(5,18) (5,19) 84
(6,18) (6,19) 71
(7,18) (7,19) 7
(8,18) (8,19) 69
(9,18) (9,19) 32
(10,18) (10,19) 6
(1,19) (1,20) 85
(2,19) (2,20) 69
(3,19) (3,20) 20
(4,19) (4,20) 2
(5,19) (5,20) 48
(6,19) (6,20) 30
(7,19) (7,20) 77
(8,19) (8,20) 88
(9,19) (9,20) 39
(10,19) (10,20) 72
(1,1) (2,1) 23
(2,1) (1,1) 5
(2,1) (3,1) 8
(3,1) (2,1) 77
(3,1) (4,1) 12
(4,1) (3,1) 17
(4,1) (5,1) 92
(5,1) (4,1) 66
(5,1) (6,1) 54
(6,1) (5,1) 41
(6,1) (7,1) 34
(7,1) (6,1) 97
(7,1) (8,1) 38
(8,1) (7,1) 68
(8,1) (9,1) 61
(9,1) (8,1) 34
(9,1) (10,1) 31
(10,1) (9,1) 90
(1,2) (2,2) 59
(2,2) (1,2) 33
(2,2) (3,2) 18
(3,2) (2,2) 37
(3,2) (4,2) 97
(4,2) (3,2) 35
(4,2) (5,2) 68
(5,2) (4,2) 69
(5,2) (6,2) 6
(6,2) (5,2) 29
(6,2) (7,2) 17
(7,2) (6,2) 81
(7,2) (8,2) 25
(8,2) (7,2) 73
(8,2) (9,2) 48
(9,2) (8,2) 24
(9,2) (10,2) 11
(10,2) (9,2) 69
(1,3) (2,3) 11
(2,3) (1,3) 47
(2,3) (3,3) 61
(3,3) (2,3) 95
(3,3) (4,3) 79
(4,3) (3,3) 16
(4,3) (5,3) 66
(5,3) (4,3) 47
(5,3) (6,3) 89
(6,3) (5,3) 47
(6,3) (7,3) 29
(7,3) (6,3) 39
(7,3) (8,3) 100
(8,3) (7,3) 81
(8,3) (9,3) 63
(9,3) (8,3) 76
(9,3) (10,3) 55
(10,3) (9,3) 94
(1,4) (2,4) 44
(2,4) (1,4) 27
(2,4) (3,4) 22
(3,4) (2,4) 81
(3,4) (4,4) 93
(4,4) (3,4) 15
(4,4) (5,4) 5
(5,4) (4,4) 16
(5,4) (6,4) 1
(6,4) (5,4) 11
(6,4) (7,4) 93
(7,4) (6,4) 42
(7,4) (8,4) 68
(8,4) (7,4) 65
(8,4) (9,4) 4
(9,4) (8,4) 76
(9,4) (10,4) 6
(10,4) (9,4) 92
(1,5) (2,5) 36
(2,5) (1,5) 91
(2,5) (3,5) 37
(3,5) (2,5) 59
(3,5) (4,5) 28
(4,5) (3,5) 75
(4,5) (5,5) 11
(5,5) (4,5) 42
(5,5) (6,5) 54
(6,5) (5,5) 46
(6,5) (7,5) 78
(7,5) (6,5) 82
(7,5) (8,5) 77
(8,5) (7,5) 61
(8,5) (9,5) 25
(9,5) (8,5) 95
(9,5) (10,5) 43
(10,5) (9,5) 72
(1,6) (2,6) 4
(2,6) (1,6) 33
(2,6) (3,6) 19
(3,6) (2,6) 30
(3,6) (4,6) 65
(4,6) (3,6) 9
(4,6) (5,6) 86
(5,6) (4,6) 3
(5,6) (6,6) 23
(6,6) (5,6) 29
(6,6) (7,6) 27
(7,6) (6,6) 65
(7,6) (8,6) 72
(8,6) (7,6) 47
(8,6) (9,6) 17
(9,6) (8,6) 18
(9,6) (10,6) 50
(10,6) (9,6) 24
(1,7) (2,7) 5
(2,7) (1,7) 64
(2,7) (3,7) 30
(3,7) (2,7) 96
(3,7) (4,7) 74
(4,7) (3,7) 97
(4,7) (5,7) 89
(5,7) (4,7) 2
(5,7) (6,7) 30
(6,7) (5,7) 66
(6,7) (7,7) 36
(7,7) (6,7) 57
(7,7) (8,7) 30
(8,7) (7,7) 98
(8,7) (9,7) 76
(9,7) (8,7) 75
(9,7) (10,7) 69
(10,7) (9,7) 63
(1,8) (2,8) 12
(2,8) (1,8) 59
(2,8) (3,8) 62
(3,8) (2,8) 7
(3,8) (4,8) 47
(4,8) (3,8) 66
(4,8) (5,8) 84
(5,8) (4,8) 35
(5,8) (6,8) 74
(6,8) (5,8) 30
(6,8) (7,8) 23
(7,8) (6,8) 46
(7,8) (8,8) 38
(8,8) (7,8) 83
(8,8) (9,8) 73
(9,8) (8,8) 66
(9,8) (10,8) 70
(10,8) (9,8) 71
(1,9) (2,9) 7
(2,9) (1,9) 8
(2,9) (3,9) 4
(3,9) (2,9) 85
(3,9) (4,9) 3
(4,9) (3,9) 28
(4,9) (5,9) 18
(5,9) (4,9) 23
(5,9) (6,9) 87
(6,9) (5,9) 65
(6,9) (7,9) 61
(7,9) (6,9) 60
(7,9) (8,9) 88
(8,9) (7,9) 6
(8,9) (9,9) 46
(9,9) (8,9) 49
(9,9) (10,9) 81
(10,9) (9,9) 11
(1,10) (2,10) 29
(2,10) (1,10) 56
(2,10) (3,10) 22
(3,10) (2,10) 95
(3,10) (4,10) 7
(4,10) (3,10) 43
(4,10) (5,10) 69
(5,10) (4,10) 22
(5,10) (6,10) 36
(6,10) (5,10) 83
(6,10) (7,10) 8
(7,10) (6,10) 52
(7,10) (8,10) 51
(8,10) (7,10) 37
(8,10) (9,10) 73
(9,10) (8,10) 93
(9,10) (10,10) 58
(10,10) (9,10) 90
(1,11) (2,11) 16
(2,11) (1,11) 93
(2,11) (3,11) 1
(3,11) (2,11) 23
(3,11) (4,11) 7
(4,11) (3,11) 19
(4,11) (5,11) 70
(5,11) (4,11) 60
(5,11) (6,11) 20
(6,11) (5,11) 37
(6,11) (7,11) 31
(7,11) (6,11) 55
(7,11) (8,11) 51
(8,11) (7,11) 98
(8,11) (9,11) 97
(9,11) (8,11) 66
(9,11) (10,11) 11
(10,11) (9,11) 40
(1,12) (2,12) 70
(2,12) (1,12) 29
(2,12) (3,12) 84
(3,12) (2,12) 99
(3,12) (4,12) 10
(4,12) (3,12) 57
(4,12) (5,12) 34
(5,12) (4,12) 12
(5,12) (6,12) 73
(6,12) (5,12) 76
(6,12) (7,12) 77
(7,12) (6,12) 47
(7,12) (8,12) 32
(8,12) (7,12) 22
(8,12) (9,12) 77
(9,12) (8,12) 19
(9,12) (10,12) 55
(10,12) (9,12) 59
(1,13) (2,13) 10
(2,13) (1,13) 63
(2,13) (3,13) 40
(3,13) (2,13) 16
(3,13) (4,13) 65
(4,13) (3,13) 22
(4,13) (5,13) 99
(5,13) (4,13) 73
(5,13) (6,13) 69
(6,13) (5,13) 96
(6,13) (7,13) 34
(7,13) (6,13) 80
(7,13) (8,13) 73
(8,13) (7,13) 49
(8,13) (9,13) 96
(9,13) (8,13) 19
(9,13) (10,13) 67
(10,13) (9,13) 12
(1,14) (2,14) 37
(2,14) (1,14) 8
(2,14) (3,14) 83
(3,14) (2,14) 36
(3,14) (4,14) 84
(4,14) (3,14) 94
(4,14) (5,14) 70
(5,14) (4,14) 67
(5,14) (6,14) 18
(6,14) (5,14) 68
(6,14) (7,14) 70
(7,14) (6,14) 10
(7,14) (8,14) 67
(8,14) (7,14) 30
(8,14) (9,14) 38
(9,14) (8,14) 65
(9,14) (10,14) 87
(10,14) (9,14) 4
(1,15) (2,15) 35
(2,15) (1,15) 38
(2,15) (3,15) 15
(3,15) (2,15) 67
(3,15) (4,15) 23
(4,15) (3,15) 62
(4,15) (5,15) 41
(5,15) (4,15) 79
(5,15) (6,15) 81
(6,15) (5,15) 5
(6,15) (7,15) 94
(7,15) (6,15) 43
(7,15) (8,15) 70
(8,15) (7,15) 17
(8,15) (9,15) 76
(9,15) (8,15) 5
(9,15) (10,15) 99
(10,15) (9,15) 89
(1,16) (2,16) 57
(2,16) (1,16) 5
(2,16) (3,16) 77
(3,16) (2,16) 95
(3,16) (4,16) 87
(4,16) (3,16) 13
(4,16) (5,16) 38
(5,16) (4,16) 24
(5,16) (6,16) 85
(6,16) (5,16) 71
(6,16) (7,16) 81
(7,16) (6,16) 78
(7,16) (8,16) 86
(8,16) (7,16) 15
(8,16) (9,16) 30
(9,16) (8,16) 17
(9,16) (10,16) 33
(10,16) (9,16) 61
(1,17) (2,17) 24
(2,17) (1,17) 75
(2,17) (3,17) 50
(3,17) (2,17) 87
(3,17) (4,17) 8
(4,17) (3,17) 21
(4,17) (5,17) 97
(5,17) (4,17) 16
(5,17) (6,17) 54
(6,17) (5,17) 6
(6,17) (7,17) 49
(7,17) (6,17) 43
(7,17) (8,17) 62
(8,17) (7,17) 30
(8,17) (9,17) 79
(9,17) (8,17) 79
(9,17) (10,17) 53
(10,17) (9,17) 29
(1,18) (2,18) 32
(2,18) (1,18) 73
(2,18) (3,18) 79
(3,18) (2,18) 40
(3,18) (4,18) 41
(4,18) (3,18) 16
(4,18) (5,18) 87
(5,18) (4,18) 53
(5,18) (6,18) 27
(6,18) (5,18) 50
(6,18) (7,18) 58
(7,18) (6,18) 34
(7,18) (8,18) 67
(8,18) (7,18) 79
(8,18) (9,18) 88
(9,18) (8,18) 87
(9,18) (10,18) 52
(10,18) (9,18) 95
(1,19) (2,19) 36
(2,19) (1,19) 41
(2,19) (3,19) 19
(3,19) (2,19) 69
(3,19) (4,19) 26
(4,19) (3,19) 27
(4,19) (5,19) 65
(5,19) (4,19) 7
(5,19) (6,19) 80
(6,19) (5,19) 89
(6,19) (7,19) 5
(7,19) (6,19) 2
(7,19) (8,19) 31
(8,19) (7,19) 56
(8,19) (9,19) 93
(9,19) (8,19) 30
(9,19) (10,19) 8
(10,19) (9,19) 61
(1,20) (2,20) 39
(2,20) (1,20) 36
(2,20) (3,20) 95
(3,20) (2,20) 70
(3,20) (4,20) 99
(4,20) (3,20) 8
(4,20) (5,20) 58
(5,20) (4,20) 30
(5,20) (6,20) 56
(6,20) (5,20) 93
(6,20) (7,20) 4
(7,20) (6,20) 90
(7,20) (8,20) 16
(8,20) (7,20) 76
(8,20) (9,20) 62
(9,20) (8,20) 36
(9,20) (10,20) 18
(10,20) (9,20) 60
(1,20) t 31
(2,20) t 25
(3,20) t 92
(4,20) t 56
(5,20) t 44
(6,20) t 8
(7,20) t 45
(8,20) t 52
(9,20) t 82
(10,20) t 65
