s (1,1) 1408
s (2,1) 1753
s (3,1) 439
s (4,1) 1081
s (5,1) 2047
s (6,1) 811
s (7,1) 2065
s (8,1) 1806
s (9,1) 2374
s (10,1) 1707
(1,1) (1,2) 1467
(2,1) (2,2) 304
(3,1) (3,2) 264
(4,1) (4,2) 1892
(5,1) (5,2) 1617
(6,1) (6,2) 871
(7,1) (7,2) 561
(8,1) (8,2) 674
(9,1) (9,2) 713
(10,1) (10,2) 1994
(1,2) (1,3) 1369
(2,2) (2,3) 351
(3,2) (3,3) 1428
(4,2) (4,3) 2031
(5,2) (5,3) 2405
(6,2) (6,3) 1802
(7,2) (7,3) 1181
(8,2) (8,3) 529
(9,2) (9,3) 475
(10,2) (10,3) 2240
(1,3) (1,4) 203
(2,3) (2,4) 1905
(3,3) (3,4) 1821
(4,3) (4,4) 2266
(5,3) (5,4) 2241
(6,3) (6,4) 2182
(7,3) (7,4) 1725
(8,3) (8,4) 1793
(9,3) (9,4) 610
(10,3) (10,4) 451
(1,4) (1,5) 2484
(2,4) (2,5) 1521
(3,4) (3,5) 110
(4,4) (4,5) 512
(5,4) (5,5) 1385
(6,4) (6,5) 1860
(7,4) (7,5) 1882
(8,4) (8,5) 1512
(9,4) (9,5) 1381
(10,4) (10,5) 266
(1,5) (1,6) 188
(2,5) (2,6) 161
(3,5) (3,6) 1302
(4,5) (4,6) 1690
(5,5) (5,6) 1019
(6,5) (6,6) 935
(7,5) (7,6) 1921
(8,5) (8,6) 2456
(9,5) (9,6) 1003
(10,5) (10,6) 947
(1,6) (1,7) 85
(2,6) (2,7) 2279
(3,6) (3,7) 1120
(4,6) (4,7) 473
(5,6) (5,7) 1594
(6,6) (6,7) 1195
(7,6) (7,7) 2042
(8,6) (8,7) 1112
(9,6) (9,7) 2138
(10,6) (10,7) 2247
(1,7) (1,8) 696
(2,7) (2,8) 1238
(3,7) (3,8) 559
(4,7) (4,8) 881
(5,7) (5,8) 1917
(6,7) (6,8) 101
(7,7) (7,8) 2234
(8,7) (8,8) 506
(9,7) (9,8) 2461
(10,7) (10,8) 1528
(1,8) (1,9) 468
(2,8) (2,9) 2121
(3,8) (3,9) 1900
(4,8) (4,9) 2448
(5,8) (5,9) 588
(6,8) (6,9) 2221
(7,8) (7,9) 1370
(8,8) (8,9) 1490
(9,8) (9,9) 328
(10,8) (10,9) 1998
(1,9) (1,10) 895
(2,9) (2,10) 754
(3,9) (3,10) 1797
(4,9) (4,10) 1294
(5,9) (5,10) 1969
(6,9) (6,10) 1534
(7,9) (7,10) 991
(8,9) (8,10) 1521
(9,9) (9,10) 697
(10,9) (10,10) 2265
(1,10) (1,11) 2178
(2,10) (2,11) 1375
(3,10) (3,11) 2223
(4,10) (4,11) 631
(5,10) (5,11) 1172
(6,10) (6,11) 346
(7,10) (7,11) 1039
(8,10) (8,11) 1913
(9,10) (9,11) 959
(10,10) (10,11) 550
(1,11) (1,12) 557
(2,11) (2,12) 643
(3,11) (3,12) 1053
(4,11) (4,12) 166
(5,11) (5,12) 684
(6,11) (6,12) 1351
(7,11) (7,12) 1187
(8,11) (8,12) 2082
(9,11) (9,12) 79
(10,11) (10,12) 601
(1,12) (1,13) 307
(2,12) (2,13) 208
(3,12) (3,13) 1648
(4,12) (4,13) 1957
(5,12) (5,13) 840
(6,12) (6,13) 756
(7,12) (7,13) 2127
(8,12) (8,13) 208
(9,12) (9,13) 777
(10,12) (10,13) 2182
(1,13) (1,14) 1155
(2,13) (2,14) 1150
(3,13) (3,14) 2393
(4,13) (4,14) 858
(5,13) (5,14) 2196
(6,13) (6,14) 1198
(7,13) (7,14) 1990
(8,13) (8,14) 1236
(9,13) (9,14) 577
(10,13) (10,14) 720
(1,14) (1,15) 267
(2,14) (2,15) 152
(3,14) (3,15) 2356
(4,14) (4,15) 2353
(5,14) (5,15) 1552
(6,14) (6,15) 1837
(7,14) (7,15) 2181
(8,14) (8,15) 513
(9,14) (9,15) 1458
(10,14) (10,15) 1042
(1,15) (1,16) 2464
(2,15) (2,16) 2085
(3,15) (3,16) 1877
(4,15) (4,16) 1116
(5,15) (5,16) 708
(6,15) (6,16) 308
(7,15) (7,16) 1936
(8,15) (8,16) 470
(9,15) (9,16) 1700
(10,15) (10,16) 479
(1,16) (1,17) 1543
(2,16) (2,17) 2500
(3,16) (3,17) 2404
(4,16) (4,17) 1262
(5,16) (5,17) 1202
(6,16) (6,17) 1575
(7,16) (7,17) 306
(8,16) (8,17) 1963
(9,16) (9,17) 1137
(10,16) (10,17) 1748
(1,17) (1,18) 1095
(2,17) (2,18) 1133
(3,17) (3,18) 503
(4,17) (4,18) 2008
(5,17) (5,18) 774
(6,17) (6,18) 58
(7,17) (7,18) 750
(8,17) (8,18) 559
(9,17) (9,18) 1774
(10,17) (10,18) 690
(1,18) (1,19) 1031
(2,18) (2,19) 1012
(3,18) (3,19) 1248
(4,18) (4,19) 932
(5,18) (5,19) 1347
(6,18) (6,19) 2004
(7,18) (7,19) 1216
(8,18) (8,19) 2276
(9,18) (9,19) 1765
(10,18) (10,19) 2224
(1,19) (1,20) 614
(2,19) (2,20) 275
(3,19) (3,20) 269
(4,19) (4,20) 1206
(5,19) (5,20) 683
(6,19) (6,20) 1890
(7,19) (7,20) 1107
(8,19) (8,20) 1225
(9,19) (9,20) 2309
(10,19) (10,20) 2242
(1,1) (2,1) 750
(2,1) (1,1) 25
(2,1) (3,1) 720
(3,1) (2,1) 41
(3,1) (4,1) 1756
(4,1) (3,1) 49
(4,1) (5,1) 1877
(5,1) (4,1) 1878
(5,1) (6,1) 106
(6,1) (5,1) 303
(6,1) (7,1) 25
(7,1) (6,1) 495
(7,1) (8,1) 220
(8,1) (7,1) 1218
(8,1) (9,1) 35
(9,1) (8,1) 696
(9,1) (10,1) 200
(10,1) (9,1) 671
(1,2) (2,2) 451
(2,2) (1,2) 2253
(2,2) (3,2) 17
(3,2) (2,2) 1474
(3,2) (4,2) 1532
(4,2) (3,2) 1604
(4,2) (5,2) 660
(5,2) (4,2) 101
(5,2) (6,2) 1009
(6,2) (5,2) 1309
(6,2) (7,2) 486
(7,2) (6,2) 731
(7,2) (8,2) 2225
(8,2) (7,2) 1271
(8,2) (9,2) 2200
(9,2) (8,2) 2311
(9,2) (10,2) 541
(10,2) (9,2) 1952
(1,3) (2,3) 724
(2,3) (1,3) 292
(2,3) (3,3) 38
(3,3) (2,3) 826
(3,3) (4,3) 957
(4,3) (3,3) 1425
(4,3) (5,3) 1824
(5,3) (4,3) 1856
(5,3) (6,3) 343
(6,3) (5,3) 1614
(6,3) (7,3) 1109
(7,3) (6,3) 612
(7,3) (8,3) 288
(8,3) (7,3) 461
(8,3) (9,3) 2291
(9,3) (8,3) 138
(9,3) (10,3) 983
(10,3) (9,3) 1127
(1,4) (2,4) 2426
(2,4) (1,4) 2035
(2,4) (3,4) 635
(3,4) (2,4) 2116
(3,4) (4,4) 298
(4,4) (3,4) 1113
(4,4) (5,4) 520
(5,4) (4,4) 2306
(5,4) (6,4) 2406
(6,4) (5,4) 782
(6,4) (7,4) 2311
(7,4) (6,4) 22
(7,4) (8,4) 2453
(8,4) (7,4) 2104
(8,4) (9,4) 2360
(9,4) (8,4) 1585
(9,4) (10,4) 734
(10,4) (9,4) 1696
(1,5) (2,5) 2282
(2,5) (1,5) 137
(2,5) (3,5) 1303
(3,5) (2,5) 256
(3,5) (4,5) 338
(4,5) (3,5) 2277
(4,5) (5,5) 1402
(5,5) (4,5) 1175
(5,5) (6,5) 852
(6,5) (5,5) 1803
(6,5) (7,5) 1449
(7,5) (6,5) 2400
(7,5) (8,5) 2114
(8,5) (7,5) 2009
(8,5) (9,5) 1352
(9,5) (8,5) 158
(9,5) (10,5) 2323
(10,5) (9,5) 1503
(1,6) (2,6) 393
(2,6) (1,6) 314
(2,6) (3,6) 1833
(3,6) (2,6) 338
(3,6) (4,6) 1612
(4,6) (3,6) 2351
(4,6) (5,6) 1780
(5,6) (4,6) 1491
(5,6) (6,6) 417
(6,6) (5,6) 1956
(6,6) (7,6) 936
(7,6) (6,6) 1856
(7,6) (8,6) 2356
(8,6) (7,6) 2449
(8,6) (9,6) 737
(9,6) (8,6) 2292
(9,6) (10,6) 1615
(10,6) (9,6) 1248
(1,7) (2,7) 842
(2,7) (1,7) 431
(2,7) (3,7) 2051
(3,7) (2,7) 1627
(3,7) (4,7) 2379
(4,7) (3,7) 1500
(4,7) (5,7) 1124
(5,7) (4,7) 1418
(5,7) (6,7) 1976
(6,7) (5,7) 1698
(6,7) (7,7) 743
(7,7) (6,7) 1378
(7,7) (8,7) 2243
(8,7) (7,7) 726
(8,7) (9,7) 323
(9,7) (8,7) 673
(9,7) (10,7) 34
(10,7) (9,7) 1851
(1,8) (2,8) 956
(2,8) (1,8) 2158
(2,8) (3,8) 1959
(3,8) (2,8) 1481
(3,8) (4,8) 925
(4,8) (3,8) 1282
(4,8) (5,8) 1012
(5,8) (4,8) 612
(5,8) (6,8) 1744
(6,8) (5,8) 1289
(6,8) (7,8) 847
(7,8) (6,8) 1413
(7,8) (8,8) 464
(8,8) (7,8) 1539
(8,8) (9,8) 1051
(9,8) (8,8) 1351
(9,8) (10,8) 378
(10,8) (9,8) 682
(1,9) (2,9) 1630
(2,9) (1,9) 2392
(2,9) (3,9) 1066
(3,9) (2,9) 2360
(3,9) (4,9) 27
(4,9) (3,9) 739
(4,9) (5,9) 1201
(5,9) (4,9) 591
(5,9) (6,9) 1696
(6,9) (5,9) 1034
(6,9) (7,9) 1240
(7,9) (6,9) 757
(7,9) (8,9) 977
(8,9) (7,9) 324
(8,9) (9,9) 760
(9,9) (8,9) 1260
(9,9) (10,9) 934
(10,9) (9,9) 376
(1,10) (2,10) 1264
(2,10) (1,10) 78
(2,10) (3,10) 1556
(3,10) (2,10) 1942
(3,10) (4,10) 1230
(4,10) (3,10) 529
(4,10) (5,10) 1644
(5,10) (4,10) 1040
(5,10) (6,10) 510
(6,10) (5,10) 2094
(6,10) (7,10) 1145
(7,10) (6,10) 558
(7,10) (8,10) 393
(8,10) (7,10) 2414
(8,10) (9,10) 516
(9,10) (8,10) 359
(9,10) (10,10) 816
(10,10) (9,10) 232
(1,11) (2,11) 1137
(2,11) (1,11) 999
(2,11) (3,11) 556
(3,11) (2,11) 1006
(3,11) (4,11) 989
(4,11) (3,11) 882
(4,11) (5,11) 1123
(5,11) (4,11) 1243
(5,11) (6,11) 1150
(6,11) (5,11) 1790
(6,11) (7,11) 1438
(7,11) (6,11) 1919
(7,11) (8,11) 1012
(8,11) (7,11) 197
(8,11) (9,11) 1996
(9,11) (8,11) 1417
(9,11) (10,11) 1444
(10,11) (9,11) 1266
(1,12) (2,12) 2386
(2,12) (1,12) 1763
(2,12) (3,12) 634
(3,12) (2,12) 2266
(3,12) (4,12) 1672
(4,12) (3,12) 1828
(4,12) (5,12) 616
(5,12) (4,12) 420
(5,12) (6,12) 787
(6,12) (5,12) 1194
(6,12) (7,12) 609
(7,12) (6,12) 418
(7,12) (8,12) 1609
(8,12) (7,12) 1415
(8,12) (9,12) 572
(9,12) (8,12) 1400
(9,12) (10,12) 2083
(10,12) (9,12) 1665
(1,13) (2,13) 1574
(2,13) (1,13) 538
(2,13) (3,13) 1965
(3,13) (2,13) 1647
(3,13) (4,13) 2299
(4,13) (3,13) 1049
(4,13) (5,13) 1225
(5,13) (4,13) 676
(5,13) (6,13) 1710
(6,13) (5,13) 1767
(6,13) (7,13) 2426
(7,13) (6,13) 1931
(7,13) (8,13) 815
(8,13) (7,13) 624
(8,13) (9,13) 800
(9,13) (8,13) 332
(9,13) (10,13) 1719
(10,13) (9,13) 1934
(1,14) (2,14) 1011
(2,14) (1,14) 206
(2,14) (3,14) 2488
(3,14) (2,14) 1029
(3,14) (4,14) 1984
(4,14) (3,14) 2118
(4,14) (5,14) 1914
(5,14) (4,14) 2380
(5,14) (6,14) 2499
(6,14) (5,14) 2076
(6,14) (7,14) 889
(7,14) (6,14) 460
(7,14) (8,14) 1966
(8,14) (7,14) 1189
(8,14) (9,14) 2024
(9,14) (8,14) 2038
(9,14) (10,14) 774
(10,14) (9,14) 796
(1,15) (2,15) 1039
(2,15) (1,15) 493
(2,15) (3,15) 1989
(3,15) (2,15) 1047
(3,15) (4,15) 1054
(4,15) (3,15) 1490
(4,15) (5,15) 1857
(5,15) (4,15) 1287
(5,15) (6,15) 1923
(6,15) (5,15) 292
(6,15) (7,15) 57
(7,15) (6,15) 73
(7,15) (8,15) 27
(8,15) (7,15) 1236
(8,15) (9,15) 654
(9,15) (8,15) 1171
(9,15) (10,15) 2088
(10,15) (9,15) 5
(1,16) (2,16) 1840
(2,16) (1,16) 1513
(2,16) (3,16) 302
(3,16) (2,16) 2365
(3,16) (4,16) 1499
(4,16) (3,16) 1053
(4,16) (5,16) 780
(5,16) (4,16) 2288
(5,16) (6,16) 1541
(6,16) (5,16) 2387
(6,16) (7,16) 2450
(7,16) (6,16) 119
(7,16) (8,16) 1705
(8,16) (7,16) 1643
(8,16) (9,16) 214
(9,16) (8,16) 2162
(9,16) (10,16) 1695
(10,16) (9,16) 869
(1,17) (2,17) 824
(2,17) (1,17) 1907
(2,17) (3,17) 711
(3,17) (2,17) 2073
(3,17) (4,17) 1370
(4,17) (3,17) 617
(4,17) (5,17) 468
(5,17) (4,17) 1280
(5,17) (6,17) 1641
(6,17) (5,17) 712
(6,17) (7,17) 598
(7,17) (6,17) 1056
(7,17) (8,17) 1586
(8,17) (7,17) 1035
(8,17) (9,17) 59
(9,17) (8,17) 965
(9,17) (10,17) 1510
(10,17) (9,17) 1990
(1,18) (2,18) 340
(2,18) (1,18) 2394
(2,18) (3,18) 77
(3,18) (2,18) 1760
(3,18) (4,18) 1480
(4,18) (3,18) 1781
(4,18) (5,18) 1693
(5,18) (4,18) 56
(5,18) (6,18) 2423
(6,18) (5,18) 1499
(6,18) (7,18) 1187
(7,18) (6,18) 315
(7,18) (8,18) 345
(8,18) (7,18) 828
(8,18) (9,18) 298
(9,18) (8,18) 1856
(9,18) (10,18) 1289
(10,18) (9,18) 155
(1,19) (2,19) 902
(2,19) (1,19) 1128
(2,19) (3,19) 1192
(3,19) (2,19) 855
(3,19) (4,19) 1269
(4,19) (3,19) 111
(4,19) (5,19) 1315
(5,19) (4,19) 248
(5,19) (6,19) 148
(6,19) (5,19) 2493
(6,19) (7,19) 2334
(7,19) (6,19) 2365
(7,19) (8,19) 1169
(8,19) (7,19) 1646
(8,19) (9,19) 51
(9,19) (8,19) 548
(9,19) (10,19) 364
(10,19) (9,19) 1787
(1,20) (2,20) 2443
(2,20) (1,20) 1849
(2,20) (3,20) 1728
(3,20) (2,20) 1481
(3,20) (4,20) 1920
(4,20) (3,20) 1076
(4,20) (5,20) 2468
(5,20) (4,20) 2365
(5,20) (6,20) 1973
(6,20) (5,20) 2437
(6,20) (7,20) 931
(7,20) (6,20) 1239
(7,20) (8,20) 1314
(8,20) (7,20) 1582
(8,20) (9,20) 2081
(9,20) (8,20) 1085
(9,20) (10,20) 2111
(10,20) (9,20) 1192
(1,20) t 544
(2,20) t 1540
(3,20) t 1768
(4,20) t 2356
(5,20) t 2444
(6,20) t 1137
(7,20) t 368
(8,20) t 205
(9,20) t 2139
(10,20) t 309
