s (1,1) 10000
s (2,1) 10000
s (3,1) 10000
(1,1) (1,2) 10000
(2,1) (2,2) 10000
(3,1) (3,2) 10000
(1,2) (1,3) 10000
(2,2) (2,3) 10000
(3,2) (3,3) 10000
(1,3) (1,4) 10000
(2,3) (2,4) 10000
(3,3) (3,4) 10000
(1,1) (2,1) 10000
(2,1) (1,1) 10000
(2,1) (3,1) 10000
(3,1) (2,1) 10000
(1,2) (2,2) 10000
(2,2) (1,2) 10000
(2,2) (3,2) 10000
(3,2) (2,2) 10000
(1,3) (2,3) 10000
(2,3) (1,3) 10000
(2,3) (3,3) 10000
(3,3) (2,3) 10000
(1,4) (2,4) 10000
(2,4) (1,4) 10000
(2,4) (3,4) 10000
(3,4) (2,4) 10000
(1,4) t 10000
(2,4) t 10000
(3,4) t 10000
