s (1,1) 250
s (2,1) 250
s (3,1) 250
s (4,1) 250
s (5,1) 250
s (6,1) 250
s (7,1) 250
s (8,1) 250
s (9,1) 250
s (10,1) 250
s (11,1) 250
s (12,1) 250
s (13,1) 250
s (14,1) 250
s (15,1) 250
s (16,1) 250
s (17,1) 250
s (18,1) 250
s (19,1) 250
s (20,1) 250
s (21,1) 250
s (22,1) 250
s (23,1) 250
s (24,1) 250
s (25,1) 250
(1,1) (1,2) 250
(2,1) (2,2) 250
(3,1) (3,2) 250
(4,1) (4,2) 250
(5,1) (5,2) 250
(6,1) (6,2) 250
(7,1) (7,2) 250
(8,1) (8,2) 250
(9,1) (9,2) 250
(10,1) (10,2) 250
(11,1) (11,2) 250
(12,1) (12,2) 250
(13,1) (13,2) 250
(14,1) (14,2) 250
(15,1) (15,2) 250
(16,1) (16,2) 250
(17,1) (17,2) 250
(18,1) (18,2) 250
(19,1) (19,2) 250
(20,1) (20,2) 250
(21,1) (21,2) 250
(22,1) (22,2) 250
(23,1) (23,2) 250
(24,1) (24,2) 250
(25,1) (25,2) 250
(1,2) (1,3) 250
(2,2) (2,3) 250
(3,2) (3,3) 250
(4,2) (4,3) 250
(5,2) (5,3) 250
(6,2) (6,3) 250
(7,2) (7,3) 250
(8,2) (8,3) 250
(9,2) (9,3) 250
(10,2) (10,3) 250
(11,2) (11,3) 250
(12,2) (12,3) 250
(13,2) (13,3) 250
(14,2) (14,3) 250
(15,2) (15,3) 250
(16,2) (16,3) 250
(17,2) (17,3) 250
(18,2) (18,3) 250
(19,2) (19,3) 250
(20,2) (20,3) 250
(21,2) (21,3) 250
(22,2) (22,3) 250
(23,2) (23,3) 250
(24,2) (24,3) 250
(25,2) (25,3) 250
(1,3) (1,4) 250
(2,3) (2,4) 250
(3,3) (3,4) 250
(4,3) (4,4) 250
(5,3) (5,4) 250
(6,3) (6,4) 250
(7,3) (7,4) 250
(8,3) (8,4) 250
(9,3) (9,4) 250
(10,3) (10,4) 250
(11,3) (11,4) 250
(12,3) (12,4) 250
(13,3) (13,4) 250
(14,3) (14,4) 250
(15,3) (15,4) 250
(16,3) (16,4) 250
(17,3) (17,4) 250
(18,3) (18,4) 250
(19,3) (19,4) 250
(20,3) (20,4) 250
(21,3) (21,4) 250
(22,3) (22,4) 250
(23,3) (23,4) 250
(24,3) (24,4) 250
(25,3) (25,4) 250
(1,4) (1,5) 250
(2,4) (2,5) 250
(3,4) (3,5) 250
(4,4) (4,5) 250
(5,4) (5,5) 250
(6,4) (6,5) 250
(7,4) (7,5) 250
(8,4) (8,5) 250
(9,4) (9,5) 250
(10,4) (10,5) 250
(11,4) (11,5) 250
(12,4) (12,5) 250
(13,4) (13,5) 250
(14,4) (14,5) 250
(15,4) (15,5) 250
(16,4) (16,5) 250
(17,4) (17,5) 250
(18,4) (18,5) 250
(19,4) (19,5) 250
(20,4) (20,5) 250
(21,4) (21,5) 250
(22,4) (22,5) 250
(23,4) (23,5) 250
(24,4) (24,5) 250
(25,4) (25,5) 250
(1,5) (1,6) 250
(2,5) (2,6) 250
(3,5) (3,6) 250
(4,5) (4,6) 250
(5,5) (5,6) 250
(6,5) (6,6) 250
(7,5) (7,6) 250
(8,5) (8,6) 250
(9,5) (9,6) 250
(10,5) (10,6) 250
(11,5) (11,6) 250
(12,5) (12,6) 250
(13,5) (13,6) 250
(14,5) (14,6) 250
(15,5) (15,6) 250
(16,5) (16,6) 250
(17,5) (17,6) 250
(18,5) (18,6) 250
(19,5) (19,6) 250
(20,5) (20,6) 250
(21,5) (21,6) 250
(22,5) (22,6) 250
(23,5) (23,6) 250
(24,5) (24,6) 250
(25,5) (25,6) 250
(1,6) (1,7) 250
(2,6) (2,7) 250
(3,6) (3,7) 250
(4,6) (4,7) 250
(5,6) (5,7) 250
(6,6) (6,7) 250
(7,6) (7,7) 250
(8,6) (8,7) 250
(9,6) (9,7) 250
(10,6) (10,7) 250
(11,6) (11,7) 250
(12,6) (12,7) 250
(13,6) (13,7) 250
(14,6) (14,7) 250
(15,6) (15,7) 250
(16,6) (16,7) 250
(17,6) (17,7) 250
(18,6) (18,7) 250
(19,6) (19,7) 250
(20,6) (20,7) 250
(21,6) (21,7) 250
(22,6) (22,7) 250
(23,6) (23,7) 250
(24,6) (24,7) 250
(25,6) (25,7) 250
(1,7) (1,8) 250
(2,7) (2,8) 250
(3,7) (3,8) 250
(4,7) (4,8) 250
(5,7) (5,8) 250
(6,7) (6,8) 250
(7,7) (7,8) 250
(8,7) (8,8) 250
(9,7) (9,8) 250
(10,7) (10,8) 250
(11,7) (11,8) 250
(12,7) (12,8) 250
(13,7) (13,8) 250
(14,7) (14,8) 250
(15,7) (15,8) 250
(16,7) (16,8) 250
(17,7) (17,8) 250
(18,7) (18,8) 250
(19,7) (19,8) 250
(20,7) (20,8) 250
(21,7) (21,8) 250
(22,7) (22,8) 250
(23,7) (23,8) 250
(24,7) (24,8) 250
(25,7) (25,8) 250
(1,8) (1,9) 250
(2,8) (2,9) 250
(3,8) (3,9) 250
(4,8) (4,9) 250
(5,8) (5,9) 250
(6,8) (6,9) 250
(7,8) (7,9) 250
(8,8) (8,9) 250
(9,8) (9,9) 250
(10,8) (10,9) 250
(11,8) (11,9) 250
(12,8) (12,9) 250
(13,8) (13,9) 250
(14,8) (14,9) 250
(15,8) (15,9) 250
(16,8) (16,9) 250
(17,8) (17,9) 250
(18,8) (18,9) 250
(19,8) (19,9) 250
(20,8) (20,9) 250
(21,8) (21,9) 250
(22,8) (22,9) 250
(23,8) (23,9) 250
(24,8) (24,9) 250
(25,8) (25,9) 250
(1,9) (1,10) 250
(2,9) (2,10) 250
(3,9) (3,10) 250
(4,9) (4,10) 250
(5,9) (5,10) 250
(6,9) (6,10) 250
(7,9) (7,10) 250
(8,9) (8,10) 250
(9,9) (9,10) 250
(10,9) (10,10) 250
(11,9) (11,10) 250
(12,9) (12,10) 250
(13,9) (13,10) 250
(14,9) (14,10) 250
(15,9) (15,10) 250
(16,9) (16,10) 250
(17,9) (17,10) 250
(18,9) (18,10) 250
(19,9) (19,10) 250
(20,9) (20,10) 250
(21,9) (21,10) 250
(22,9) (22,10) 250
(23,9) (23,10) 250
(24,9) (24,10) 250
(25,9) (25,10) 250
(1,10) (1,11) 250
(2,10) (2,11) 250
(3,10) (3,11) 250
(4,10) (4,11) 250
(5,10) (5,11) 250
(6,10) (6,11) 250
(7,10) (7,11) 250
(8,10) (8,11) 250
(9,10) (9,11) 250
(10,10) (10,11) 250
(11,10) (11,11) 250
(12,10) (12,11) 250
(13,10) (13,11) 250
(14,10) (14,11) 250
(15,10) (15,11) 250
(16,10) (16,11) 250
(17,10) (17,11) 250
(18,10) (18,11) 250
(19,10) (19,11) 250
(20,10) (20,11) 250
(21,10) (21,11) 250
(22,10) (22,11) 250
(23,10) (23,11) 250
(24,10) (24,11) 250
(25,10) (25,11) 250
(1,11) (1,12) 250
(2,11) (2,12) 250
(3,11) (3,12) 250
(4,11) (4,12) 250
(5,11) (5,12) 250
(6,11) (6,12) 250
(7,11) (7,12) 250
(8,11) (8,12) 250
(9,11) (9,12) 250
(10,11) (10,12) 250
(11,11) (11,12) 250
(12,11) (12,12) 250
(13,11) (13,12) 250
(14,11) (14,12) 250
(15,11) (15,12) 250
(16,11) (16,12) 250
(17,11) (17,12) 250
(18,11) (18,12) 250
(19,11) (19,12) 250
(20,11) (20,12) 250
(21,11) (21,12) 250
(22,11) (22,12) 250
(23,11) (23,12) 250
(24,11) (24,12) 250
(25,11) (25,12) 250
(1,12) (1,13) 250
(2,12) (2,13) 250
(3,12) (3,13) 250
(4,12) (4,13) 250
(5,12) (5,13) 250
(6,12) (6,13) 250
(7,12) (7,13) 250
(8,12) (8,13) 250
(9,12) (9,13) 250
(10,12) (10,13) 250
(11,12) (11,13) 250
(12,12) (12,13) 250
(13,12) (13,13) 250
(14,12) (14,13) 250
(15,12) (15,13) 250
(16,12) (16,13) 250
(17,12) (17,13) 250
(18,12) (18,13) 250
(19,12) (19,13) 250
(20,12) (20,13) 250
(21,12) (21,13) 250
(22,12) (22,13) 250
(23,12) (23,13) 250
(24,12) (24,13) 250
(25,12) (25,13) 250
(1,13) (1,14) 250
(2,13) (2,14) 250
(3,13) (3,14) 250
(4,13) (4,14) 250
(5,13) (5,14) 250
(6,13) (6,14) 250
(7,13) (7,14) 250
(8,13) (8,14) 250
(9,13) (9,14) 250
(10,13) (10,14) 250
(11,13) (11,14) 250
(12,13) (12,14) 250
(13,13) (13,14) 250
(14,13) (14,14) 250
(15,13) (15,14) 250
(16,13) (16,14) 250
(17,13) (17,14) 250
(18,13) (18,14) 250
(19,13) (19,14) 250
(20,13) (20,14) 250
(21,13) (21,14) 250
(22,13) (22,14) 250
(23,13) (23,14) 250
(24,13) (24,14) 250
(25,13) (25,14) 250
(1,14) (1,15) 250
(2,14) (2,15) 250
(3,14) (3,15) 250
(4,14) (4,15) 250
(5,14) (5,15) 250
(6,14) (6,15) 250
(7,14) (7,15) 250
(8,14) (8,15) 250
(9,14) (9,15) 250
(10,14) (10,15) 250
(11,14) (11,15) 250
(12,14) (12,15) 250
(13,14) (13,15) 250
(14,14) (14,15) 250
(15,14) (15,15) 250
(16,14) (16,15) 250
(17,14) (17,15) 250
(18,14) (18,15) 250
(19,14) (19,15) 250
(20,14) (20,15) 250
(21,14) (21,15) 250
(22,14) (22,15) 250
(23,14) (23,15) 250
(24,14) (24,15) 250
(25,14) (25,15) 250
(1,15) (1,16) 250
(2,15) (2,16) 250
(3,15) (3,16) 250
(4,15) (4,16) 250
(5,15) (5,16) 250
(6,15) (6,16) 250
(7,15) (7,16) 250
(8,15) (8,16) 250
(9,15) (9,16) 250
(10,15) (10,16) 250
(11,15) (11,16) 250
(12,15) (12,16) 250
(13,15) (13,16) 250
(14,15) (14,16) 250
(15,15) (15,16) 250
(16,15) (16,16) 250
(17,15) (17,16) 250
(18,15) (18,16) 250
(19,15) (19,16) 250
(20,15) (20,16) 250
(21,15) (21,16) 250
(22,15) (22,16) 250
(23,15) (23,16) 250
(24,15) (24,16) 250
(25,15) (25,16) 250
(1,16) (1,17) 250
(2,16) (2,17) 250
(3,16) (3,17) 250
(4,16) (4,17) 250
(5,16) (5,17) 250
(6,16) (6,17) 250
(7,16) (7,17) 250
(8,16) (8,17) 250
(9,16) (9,17) 250
(10,16) (10,17) 250
(11,16) (11,17) 250
(12,16) (12,17) 250
(13,16) (13,17) 250
(14,16) (14,17) 250
(15,16) (15,17) 250
(16,16) (16,17) 250
(17,16) (17,17) 250
(18,16) (18,17) 250
(19,16) (19,17) 250
(20,16) (20,17) 250
(21,16) (21,17) 250
(22,16) (22,17) 250
(23,16) (23,17) 250
(24,16) (24,17) 250
(25,16) (25,17) 250
(1,17) (1,18) 250
(2,17) (2,18) 250
(3,17) (3,18) 250
(4,17) (4,18) 250
(5,17) (5,18) 250
(6,17) (6,18) 250
(7,17) (7,18) 250
(8,17) (8,18) 250
(9,17) (9,18) 250
(10,17) (10,18) 250
(11,17) (11,18) 250
(12,17) (12,18) 250
(13,17) (13,18) 250
(14,17) (14,18) 250
(15,17) (15,18) 250
(16,17) (16,18) 250
(17,17) (17,18) 250
(18,17) (18,18) 250
(19,17) (19,18) 250
(20,17) (20,18) 250
(21,17) (21,18) 250
(22,17) (22,18) 250
(23,17) (23,18) 250
(24,17) (24,18) 250
(25,17) (25,18) 250
(1,18) (1,19) 250
(2,18) (2,19) 250
(3,18) (3,19) 250
(4,18) (4,19) 250
(5,18) (5,19) 250
(6,18) (6,19) 250
(7,18) (7,19) 250
(8,18) (8,19) 250
(9,18) (9,19) 250
(10,18) (10,19) 250
(11,18) (11,19) 250
(12,18) (12,19) 250
(13,18) (13,19) 250
(14,18) (14,19) 250
(15,18) (15,19) 250
(16,18) (16,19) 250
(17,18) (17,19) 250
(18,18) (18,19) 250
(19,18) (19,19) 250
(20,18) (20,19) 250
(21,18) (21,19) 250
(22,18) (22,19) 250
(23,18) (23,19) 250
(24,18) (24,19) 250
(25,18) (25,19) 250
(1,19) (1,20) 250
(2,19) (2,20) 250
(3,19) (3,20) 250
(4,19) (4,20) 250
(5,19) (5,20) 250
(6,19) (6,20) 250
(7,19) (7,20) 250
(8,19) (8,20) 250
(9,19) (9,20) 250
(10,19) (10,20) 250
(11,19) (11,20) 250
(12,19) (12,20) 250
(13,19) (13,20) 250
(14,19) (14,20) 250
(15,19) (15,20) 250
(16,19) (16,20) 250
(17,19) (17,20) 250
(18,19) (18,20) 250
(19,19) (19,20) 250
(20,19) (20,20) 250
(21,19) (21,20) 250
(22,19) (22,20) 250
(23,19) (23,20) 250
(24,19) (24,20) 250
(25,19) (25,20) 250
(1,20) (1,21) 250
(2,20) (2,21) 250
(3,20) (3,21) 250
(4,20) (4,21) 250
(5,20) (5,21) 250
(6,20) (6,21) 250
(7,20) (7,21) 250
(8,20) (8,21) 250
(9,20) (9,21) 250
(10,20) (10,21) 250
(11,20) (11,21) 250
(12,20) (12,21) 250
(13,20) (13,21) 250
(14,20) (14,21) 250
(15,20) (15,21) 250
(16,20) (16,21) 250
(17,20) (17,21) 250
(18,20) (18,21) 250
(19,20) (19,21) 250
(20,20) (20,21) 250
(21,20) (21,21) 250
(22,20) (22,21) 250
(23,20) (23,21) 250
(24,20) (24,21) 250
(25,20) (25,21) 250
(1,21) (1,22) 250
(2,21) (2,22) 250
(3,21) (3,22) 250
(4,21) (4,22) 250
(5,21) (5,22) 250
(6,21) (6,22) 250
(7,21) (7,22) 250
(8,21) (8,22) 250
(9,21) (9,22) 250
(10,21) (10,22) 250
(11,21) (11,22) 250
(12,21) (12,22) 250
(13,21) (13,22) 250
(14,21) (14,22) 250
(15,21) (15,22) 250
(16,21) (16,22) 250
(17,21) (17,22) 250
(18,21) (18,22) 250
(19,21) (19,22) 250
(20,21) (20,22) 250
(21,21) (21,22) 250
(22,21) (22,22) 250
(23,21) (23,22) 250
(24,21) (24,22) 250
(25,21) (25,22) 250
(1,22) (1,23) 250
(2,22) (2,23) 250
(3,22) (3,23) 250
(4,22) (4,23) 250
(5,22) (5,23) 250
(6,22) (6,23) 250
(7,22) (7,23) 250
(8,22) (8,23) 250
(9,22) (9,23) 250
(10,22) (10,23) 250
(11,22) (11,23) 250
(12,22) (12,23) 250
(13,22) (13,23) 250
(14,22) (14,23) 250
(15,22) (15,23) 250
(16,22) (16,23) 250
(17,22) (17,23) 250
(18,22) (18,23) 250
(19,22) (19,23) 250
(20,22) (20,23) 250
(21,22) (21,23) 250
(22,22) (22,23) 250
(23,22) (23,23) 250
(24,22) (24,23) 250
(25,22) (25,23) 250
(1,23) (1,24) 250
(2,23) (2,24) 250
(3,23) (3,24) 250
(4,23) (4,24) 250
(5,23) (5,24) 250
(6,23) (6,24) 250
(7,23) (7,24) 250
(8,23) (8,24) 250
(9,23) (9,24) 250
(10,23) (10,24) 250
(11,23) (11,24) 250
(12,23) (12,24) 250
(13,23) (13,24) 250
(14,23) (14,24) 250
(15,23) (15,24) 250
(16,23) (16,24) 250
(17,23) (17,24) 250
(18,23) (18,24) 250
(19,23) (19,24) 250
(20,23) (20,24) 250
(21,23) (21,24) 250
(22,23) (22,24) 250
(23,23) (23,24) 250
(24,23) (24,24) 250
(25,23) (25,24) 250
(1,24) (1,25) 250
(2,24) (2,25) 250
(3,24) (3,25) 250
(4,24) (4,25) 250
(5,24) (5,25) 250
(6,24) (6,25) 250
(7,24) (7,25) 250
(8,24) (8,25) 250
(9,24) (9,25) 250
(10,24) (10,25) 250
(11,24) (11,25) 250
(12,24) (12,25) 250
(13,24) (13,25) 250
(14,24) (14,25) 250
(15,24) (15,25) 250
(16,24) (16,25) 250
(17,24) (17,25) 250
(18,24) (18,25) 250
(19,24) (19,25) 250
(20,24) (20,25) 250
(21,24) (21,25) 250
(22,24) (22,25) 250
(23,24) (23,25) 250
(24,24) (24,25) 250
(25,24) (25,25) 250
(1,1) (2,1) 250
(2,1) (1,1) 250
(2,1) (3,1) 250
(3,1) (2,1) 250
(3,1) (4,1) 250
(4,1) (3,1) 250
(4,1) (5,1) 250
(5,1) (4,1) 250
(5,1) (6,1) 250
(6,1) (5,1) 250
(6,1) (7,1) 250
(7,1) (6,1) 250
(7,1) (8,1) 250
(8,1) (7,1) 250
(8,1) (9,1) 250
(9,1) (8,1) 250
(9,1) (10,1) 250
(10,1) (9,1) 250
(10,1) (11,1) 250
(11,1) (10,1) 250
(11,1) (12,1) 250
(12,1) (11,1) 250
(12,1) (13,1) 250
(13,1) (12,1) 250
(13,1) (14,1) 250
(14,1) (13,1) 250
(14,1) (15,1) 250
(15,1) (14,1) 250
(15,1) (16,1) 250
(16,1) (15,1) 250
(16,1) (17,1) 250
(17,1) (16,1) 250
(17,1) (18,1) 250
(18,1) (17,1) 250
(18,1) (19,1) 250
(19,1) (18,1) 250
(19,1) (20,1) 250
(20,1) (19,1) 250
(20,1) (21,1) 250
(21,1) (20,1) 250
(21,1) (22,1) 250
(22,1) (21,1) 250
(22,1) (23,1) 250
(23,1) (22,1) 250
(23,1) (24,1) 250
(24,1) (23,1) 250
(24,1) (25,1) 250
(25,1) (24,1) 250
(1,2) (2,2) 250
(2,2) (1,2) 250
(2,2) (3,2) 250
(3,2) (2,2) 250
(3,2) (4,2) 250
(4,2) (3,2) 250
(4,2) (5,2) 250
(5,2) (4,2) 250
(5,2) (6,2) 250
(6,2) (5,2) 250
(6,2) (7,2) 250
(7,2) (6,2) 250
(7,2) (8,2) 250
(8,2) (7,2) 250
(8,2) (9,2) 250
(9,2) (8,2) 250
(9,2) (10,2) 250
(10,2) (9,2) 250
(10,2) (11,2) 250
(11,2) (10,2) 250
(11,2) (12,2) 250
(12,2) (11,2) 250
(12,2) (13,2) 250
(13,2) (12,2) 250
(13,2) (14,2) 250
(14,2) (13,2) 250
(14,2) (15,2) 250
(15,2) (14,2) 250
(15,2) (16,2) 250
(16,2) (15,2) 250
(16,2) (17,2) 250
(17,2) (16,2) 250
(17,2) (18,2) 250
(18,2) (17,2) 250
(18,2) (19,2) 250
(19,2) (18,2) 250
(19,2) (20,2) 250
(20,2) (19,2) 250
(20,2) (21,2) 250
(21,2) (20,2) 250
(21,2) (22,2) 250
(22,2) (21,2) 250
(22,2) (23,2) 250
(23,2) (22,2) 250
(23,2) (24,2) 250
(24,2) (23,2) 250
(24,2) (25,2) 250
(25,2) (24,2) 250
(1,3) (2,3) 250
(2,3) (1,3) 250
(2,3) (3,3) 250
(3,3) (2,3) 250
(3,3) (4,3) 250
(4,3) (3,3) 250
(4,3) (5,3) 250
(5,3) (4,3) 250
(5,3) (6,3) 250
(6,3) (5,3) 250
(6,3) (7,3) 250
(7,3) (6,3) 250
(7,3) (8,3) 250
(8,3) (7,3) 250
(8,3) (9,3) 250
(9,3) (8,3) 250
(9,3) (10,3) 250
(10,3) (9,3) 250
(10,3) (11,3) 250
(11,3) (10,3) 250
(11,3) (12,3) 250
(12,3) (11,3) 250
(12,3) (13,3) 250
(13,3) (12,3) 250
(13,3) (14,3) 250
(14,3) (13,3) 250
(14,3) (15,3) 250
(15,3) (14,3) 250
(15,3) (16,3) 250
(16,3) (15,3) 250
(16,3) (17,3) 250
(17,3) (16,3) 250
(17,3) (18,3) 250
(18,3) (17,3) 250
(18,3) (19,3) 250
(19,3) (18,3) 250
(19,3) (20,3) 250
(20,3) (19,3) 250
(20,3) (21,3) 250
(21,3) (20,3) 250
(21,3) (22,3) 250
(22,3) (21,3) 250
(22,3) (23,3) 250
(23,3) (22,3) 250
(23,3) (24,3) 250
(24,3) (23,3) 250
(24,3) (25,3) 250
(25,3) (24,3) 250
(1,4) (2,4) 250
(2,4) (1,4) 250
(2,4) (3,4) 250
(3,4) (2,4) 250
(3,4) (4,4) 250
(4,4) (3,4) 250
(4,4) (5,4) 250
(5,4) (4,4) 250
(5,4) (6,4) 250
(6,4) (5,4) 250
(6,4) (7,4) 250
(7,4) (6,4) 250
(7,4) (8,4) 250
(8,4) (7,4) 250
(8,4) (9,4) 250
(9,4) (8,4) 250
(9,4) (10,4) 250
(10,4) (9,4) 250
(10,4) (11,4) 250
(11,4) (10,4) 250
(11,4) (12,4) 250
(12,4) (11,4) 250
(12,4) (13,4) 250
(13,4) (12,4) 250
(13,4) (14,4) 250
(14,4) (13,4) 250
(14,4) (15,4) 250
(15,4) (14,4) 250
(15,4) (16,4) 250
(16,4) (15,4) 250
(16,4) (17,4) 250
(17,4) (16,4) 250
(17,4) (18,4) 250
(18,4) (17,4) 250
(18,4) (19,4) 250
(19,4) (18,4) 250
(19,4) (20,4) 250
(20,4) (19,4) 250
(20,4) (21,4) 250
(21,4) (20,4) 250
(21,4) (22,4) 250
(22,4) (21,4) 250
(22,4) (23,4) 250
(23,4) (22,4) 250
(23,4) (24,4) 250
(24,4) (23,4) 250
(24,4) (25,4) 250
(25,4) (24,4) 250
(1,5) (2,5) 250
(2,5) (1,5) 250
(2,5) (3,5) 250
(3,5) (2,5) 250
(3,5) (4,5) 250
(4,5) (3,5) 250
(4,5) (5,5) 250
(5,5) (4,5) 250
(5,5) (6,5) 250
(6,5) (5,5) 250
(6,5) (7,5) 250
(7,5) (6,5) 250
(7,5) (8,5) 250
(8,5) (7,5) 250
(8,5) (9,5) 250
(9,5) (8,5) 250
(9,5) (10,5) 250
(10,5) (9,5) 250
(10,5) (11,5) 250
(11,5) (10,5) 250
(11,5) (12,5) 250
(12,5) (11,5) 250
(12,5) (13,5) 250
(13,5) (12,5) 250
(13,5) (14,5) 250
(14,5) (13,5) 250
(14,5) (15,5) 250
(15,5) (14,5) 250
(15,5) (16,5) 250
(16,5) (15,5) 250
(16,5) (17,5) 250
(17,5) (16,5) 250
(17,5) (18,5) 250
(18,5) (17,5) 250
(18,5) (19,5) 250
(19,5) (18,5) 250
(19,5) (20,5) 250
(20,5) (19,5) 250
(20,5) (21,5) 250
(21,5) (20,5) 250
(21,5) (22,5) 250
(22,5) (21,5) 250
(22,5) (23,5) 250
(23,5) (22,5) 250
(23,5) (24,5) 250
(24,5) (23,5) 250
(24,5) (25,5) 250
(25,5) (24,5) 250
(1,6) (2,6) 250
(2,6) (1,6) 250
(2,6) (3,6) 250
(3,6) (2,6) 250
(3,6) (4,6) 250
(4,6) (3,6) 250
(4,6) (5,6) 250
(5,6) (4,6) 250
(5,6) (6,6) 250
(6,6) (5,6) 250
(6,6) (7,6) 250
(7,6) (6,6) 250
(7,6) (8,6) 250
(8,6) (7,6) 250
(8,6) (9,6) 250
(9,6) (8,6) 250
(9,6) (10,6) 250
(10,6) (9,6) 250
(10,6) (11,6) 250
(11,6) (10,6) 250
(11,6) (12,6) 250
(12,6) (11,6) 250
(12,6) (13,6) 250
(13,6) (12,6) 250
(13,6) (14,6) 250
(14,6) (13,6) 250
(14,6) (15,6) 250
(15,6) (14,6) 250
(15,6) (16,6) 250
(16,6) (15,6) 250
(16,6) (17,6) 250
(17,6) (16,6) 250
(17,6) (18,6) 250
(18,6) (17,6) 250
(18,6) (19,6) 250
(19,6) (18,6) 250
(19,6) (20,6) 250
(20,6) (19,6) 250
(20,6) (21,6) 250
(21,6) (20,6) 250
(21,6) (22,6) 250
(22,6) (21,6) 250
(22,6) (23,6) 250
(23,6) (22,6) 250
(23,6) (24,6) 250
(24,6) (23,6) 250
(24,6) (25,6) 250
(25,6) (24,6) 250
(1,7) (2,7) 250
(2,7) (1,7) 250
(2,7) (3,7) 250
(3,7) (2,7) 250
(3,7) (4,7) 250
(4,7) (3,7) 250
(4,7) (5,7) 250
(5,7) (4,7) 250
(5,7) (6,7) 250
(6,7) (5,7) 250
(6,7) (7,7) 250
(7,7) (6,7) 250
(7,7) (8,7) 250
(8,7) (7,7) 250
(8,7) (9,7) 250
(9,7) (8,7) 250
(9,7) (10,7) 250
(10,7) (9,7) 250
(10,7) (11,7) 250
(11,7) (10,7) 250
(11,7) (12,7) 250
(12,7) (11,7) 250
(12,7) (13,7) 250
(13,7) (12,7) 250
(13,7) (14,7) 250
(14,7) (13,7) 250
(14,7) (15,7) 250
(15,7) (14,7) 250
(15,7) (16,7) 250
(16,7) (15,7) 250
(16,7) (17,7) 250
(17,7) (16,7) 250
(17,7) (18,7) 250
(18,7) (17,7) 250
(18,7) (19,7) 250
(19,7) (18,7) 250
(19,7) (20,7) 250
(20,7) (19,7) 250
(20,7) (21,7) 250
(21,7) (20,7) 250
(21,7) (22,7) 250
(22,7) (21,7) 250
(22,7) (23,7) 250
(23,7) (22,7) 250
(23,7) (24,7) 250
(24,7) (23,7) 250
(24,7) (25,7) 250
(25,7) (24,7) 250
(1,8) (2,8) 250
(2,8) (1,8) 250
(2,8) (3,8) 250
(3,8) (2,8) 250
(3,8) (4,8) 250
(4,8) (3,8) 250
(4,8) (5,8) 250
(5,8) (4,8) 250
(5,8) (6,8) 250
(6,8) (5,8) 250
(6,8) (7,8) 250
(7,8) (6,8) 250
(7,8) (8,8) 250
(8,8) (7,8) 250
(8,8) (9,8) 250
(9,8) (8,8) 250
(9,8) (10,8) 250
(10,8) (9,8) 250
(10,8) (11,8) 250
(11,8) (10,8) 250
(11,8) (12,8) 250
(12,8) (11,8) 250
(12,8) (13,8) 250
(13,8) (12,8) 250
(13,8) (14,8) 250
(14,8) (13,8) 250
(14,8) (15,8) 250
(15,8) (14,8) 250
(15,8) (16,8) 250
(16,8) (15,8) 250
(16,8) (17,8) 250
(17,8) (16,8) 250
(17,8) (18,8) 250
(18,8) (17,8) 250
(18,8) (19,8) 250
(19,8) (18,8) 250
(19,8) (20,8) 250
(20,8) (19,8) 250
(20,8) (21,8) 250
(21,8) (20,8) 250
(21,8) (22,8) 250
(22,8) (21,8) 250
(22,8) (23,8) 250
(23,8) (22,8) 250
(23,8) (24,8) 250
(24,8) (23,8) 250
(24,8) (25,8) 250
(25,8) (24,8) 250
(1,9) (2,9) 250
(2,9) (1,9) 250
(2,9) (3,9) 250
(3,9) (2,9) 250
(3,9) (4,9) 250
(4,9) (3,9) 250
(4,9) (5,9) 250
(5,9) (4,9) 250
(5,9) (6,9) 250
(6,9) (5,9) 250
(6,9) (7,9) 250
(7,9) (6,9) 250
(7,9) (8,9) 250
(8,9) (7,9) 250
(8,9) (9,9) 250
(9,9) (8,9) 250
(9,9) (10,9) 250
(10,9) (9,9) 250
(10,9) (11,9) 250
(11,9) (10,9) 250
(11,9) (12,9) 250
(12,9) (11,9) 250
(12,9) (13,9) 250
(13,9) (12,9) 250
(13,9) (14,9) 250
(14,9) (13,9) 250
(14,9) (15,9) 250
(15,9) (14,9) 250
(15,9) (16,9) 250
(16,9) (15,9) 250
(16,9) (17,9) 250
(17,9) (16,9) 250
(17,9) (18,9) 250
(18,9) (17,9) 250
(18,9) (19,9) 250
(19,9) (18,9) 250
(19,9) (20,9) 250
(20,9) (19,9) 250
(20,9) (21,9) 250
(21,9) (20,9) 250
(21,9) (22,9) 250
(22,9) (21,9) 250
(22,9) (23,9) 250
(23,9) (22,9) 250
(23,9) (24,9) 250
(24,9) (23,9) 250
(24,9) (25,9) 250
(25,9) (24,9) 250
(1,10) (2,10) 250
(2,10) (1,10) 250
(2,10) (3,10) 250
(3,10) (2,10) 250
(3,10) (4,10) 250
(4,10) (3,10) 250
(4,10) (5,10) 250
(5,10) (4,10) 250
(5,10) (6,10) 250
(6,10) (5,10) 250
(6,10) (7,10) 250
(7,10) (6,10) 250
(7,10) (8,10) 250
(8,10) (7,10) 250
(8,10) (9,10) 250
(9,10) (8,10) 250
(9,10) (10,10) 250
(10,10) (9,10) 250
(10,10) (11,10) 250
(11,10) (10,10) 250
(11,10) (12,10) 250
(12,10) (11,10) 250
(12,10) (13,10) 250
(13,10) (12,10) 250
(13,10) (14,10) 250
(14,10) (13,10) 250
(14,10) (15,10) 250
(15,10) (14,10) 250
(15,10) (16,10) 250
(16,10) (15,10) 250
(16,10) (17,10) 250
(17,10) (16,10) 250
(17,10) (18,10) 250
(18,10) (17,10) 250
(18,10) (19,10) 250
(19,10) (18,10) 250
(19,10) (20,10) 250
(20,10) (19,10) 250
(20,10) (21,10) 250
(21,10) (20,10) 250
(21,10) (22,10) 250
(22,10) (21,10) 250
(22,10) (23,10) 250
(23,10) (22,10) 250
(23,10) (24,10) 250
(24,10) (23,10) 250
(24,10) (25,10) 250
(25,10) (24,10) 250
(1,11) (2,11) 250
(2,11) (1,11) 250
(2,11) (3,11) 250
(3,11) (2,11) 250
(3,11) (4,11) 250
(4,11) (3,11) 250
(4,11) (5,11) 250
(5,11) (4,11) 250
(5,11) (6,11) 250
(6,11) (5,11) 250
(6,11) (7,11) 250
(7,11) (6,11) 250
(7,11) (8,11) 250
(8,11) (7,11) 250
(8,11) (9,11) 250
(9,11) (8,11) 250
(9,11) (10,11) 250
(10,11) (9,11) 250
(10,11) (11,11) 250
(11,11) (10,11) 250
(11,11) (12,11) 250
(12,11) (11,11) 250
(12,11) (13,11) 250
(13,11) (12,11) 250
(13,11) (14,11) 250
(14,11) (13,11) 250
(14,11) (15,11) 250
(15,11) (14,11) 250
(15,11) (16,11) 250
(16,11) (15,11) 250
(16,11) (17,11) 250
(17,11) (16,11) 250
(17,11) (18,11) 250
(18,11) (17,11) 250
(18,11) (19,11) 250
(19,11) (18,11) 250
(19,11) (20,11) 250
(20,11) (19,11) 250
(20,11) (21,11) 250
(21,11) (20,11) 250
(21,11) (22,11) 250
(22,11) (21,11) 250
(22,11) (23,11) 250
(23,11) (22,11) 250
(23,11) (24,11) 250
(24,11) (23,11) 250
(24,11) (25,11) 250
(25,11) (24,11) 250
(1,12) (2,12) 250
(2,12) (1,12) 250
(2,12) (3,12) 250
(3,12) (2,12) 250
(3,12) (4,12) 250
(4,12) (3,12) 250
(4,12) (5,12) 250
(5,12) (4,12) 250
(5,12) (6,12) 250
(6,12) (5,12) 250
(6,12) (7,12) 250
(7,12) (6,12) 250
(7,12) (8,12) 250
(8,12) (7,12) 250
(8,12) (9,12) 250
(9,12) (8,12) 250
(9,12) (10,12) 250
(10,12) (9,12) 250
(10,12) (11,12) 250
(11,12) (10,12) 250
(11,12) (12,12) 250
(12,12) (11,12) 250
(12,12) (13,12) 250
(13,12) (12,12) 250
(13,12) (14,12) 250
(14,12) (13,12) 250
(14,12) (15,12) 250
(15,12) (14,12) 250
(15,12) (16,12) 250
(16,12) (15,12) 250
(16,12) (17,12) 250
(17,12) (16,12) 250
(17,12) (18,12) 250
(18,12) (17,12) 250
(18,12) (19,12) 250
(19,12) (18,12) 250
(19,12) (20,12) 250
(20,12) (19,12) 250
(20,12) (21,12) 250
(21,12) (20,12) 250
(21,12) (22,12) 250
(22,12) (21,12) 250
(22,12) (23,12) 250
(23,12) (22,12) 250
(23,12) (24,12) 250
(24,12) (23,12) 250
(24,12) (25,12) 250
(25,12) (24,12) 250
(1,13) (2,13) 250
(2,13) (1,13) 250
(2,13) (3,13) 250
(3,13) (2,13) 250
(3,13) (4,13) 250
(4,13) (3,13) 250
(4,13) (5,13) 250
(5,13) (4,13) 250
(5,13) (6,13) 250
(6,13) (5,13) 250
(6,13) (7,13) 250
(7,13) (6,13) 250
(7,13) (8,13) 250
(8,13) (7,13) 250
(8,13) (9,13) 250
(9,13) (8,13) 250
(9,13) (10,13) 250
(10,13) (9,13) 250
(10,13) (11,13) 250
(11,13) (10,13) 250
(11,13) (12,13) 250
(12,13) (11,13) 250
(12,13) (13,13) 250
(13,13) (12,13) 250
(13,13) (14,13) 250
(14,13) (13,13) 250
(14,13) (15,13) 250
(15,13) (14,13) 250
(15,13) (16,13) 250
(16,13) (15,13) 250
(16,13) (17,13) 250
(17,13) (16,13) 250
(17,13) (18,13) 250
(18,13) (17,13) 250
(18,13) (19,13) 250
(19,13) (18,13) 250
(19,13) (20,13) 250
(20,13) (19,13) 250
(20,13) (21,13) 250
(21,13) (20,13) 250
(21,13) (22,13) 250
(22,13) (21,13) 250
(22,13) (23,13) 250
(23,13) (22,13) 250
(23,13) (24,13) 250
(24,13) (23,13) 250
(24,13) (25,13) 250
(25,13) (24,13) 250
(1,14) (2,14) 250
(2,14) (1,14) 250
(2,14) (3,14) 250
(3,14) (2,14) 250
(3,14) (4,14) 250
(4,14) (3,14) 250
(4,14) (5,14) 250
(5,14) (4,14) 250
(5,14) (6,14) 250
(6,14) (5,14) 250
(6,14) (7,14) 250
(7,14) (6,14) 250
(7,14) (8,14) 250
(8,14) (7,14) 250
(8,14) (9,14) 250
(9,14) (8,14) 250
(9,14) (10,14) 250
(10,14) (9,14) 250
(10,14) (11,14) 250
(11,14) (10,14) 250
(11,14) (12,14) 250
(12,14) (11,14) 250
(12,14) (13,14) 250
(13,14) (12,14) 250
(13,14) (14,14) 250
(14,14) (13,14) 250
(14,14) (15,14) 250
(15,14) (14,14) 250
(15,14) (16,14) 250
(16,14) (15,14) 250
(16,14) (17,14) 250
(17,14) (16,14) 250
(17,14) (18,14) 250
(18,14) (17,14) 250
(18,14) (19,14) 250
(19,14) (18,14) 250
(19,14) (20,14) 250
(20,14) (19,14) 250
(20,14) (21,14) 250
(21,14) (20,14) 250
(21,14) (22,14) 250
(22,14) (21,14) 250
(22,14) (23,14) 250
(23,14) (22,14) 250
(23,14) (24,14) 250
(24,14) (23,14) 250
(24,14) (25,14) 250
(25,14) (24,14) 250
(1,15) (2,15) 250
(2,15) (1,15) 250
(2,15) (3,15) 250
(3,15) (2,15) 250
(3,15) (4,15) 250
(4,15) (3,15) 250
(4,15) (5,15) 250
(5,15) (4,15) 250
(5,15) (6,15) 250
(6,15) (5,15) 250
(6,15) (7,15) 250
(7,15) (6,15) 250
(7,15) (8,15) 250
(8,15) (7,15) 250
(8,15) (9,15) 250
(9,15) (8,15) 250
(9,15) (10,15) 250
(10,15) (9,15) 250
(10,15) (11,15) 250
(11,15) (10,15) 250
(11,15) (12,15) 250
(12,15) (11,15) 250
(12,15) (13,15) 250
(13,15) (12,15) 250
(13,15) (14,15) 250
(14,15) (13,15) 250
(14,15) (15,15) 250
(15,15) (14,15) 250
(15,15) (16,15) 250
(16,15) (15,15) 250
(16,15) (17,15) 250
(17,15) (16,15) 250
(17,15) (18,15) 250
(18,15) (17,15) 250
(18,15) (19,15) 250
(19,15) (18,15) 250
(19,15) (20,15) 250
(20,15) (19,15) 250
(20,15) (21,15) 250
(21,15) (20,15) 250
(21,15) (22,15) 250
(22,15) (21,15) 250
(22,15) (23,15) 250
(23,15) (22,15) 250
(23,15) (24,15) 250
(24,15) (23,15) 250
(24,15) (25,15) 250
(25,15) (24,15) 250
(1,16) (2,16) 250
(2,16) (1,16) 250
(2,16) (3,16) 250
(3,16) (2,16) 250
(3,16) (4,16) 250
(4,16) (3,16) 250
(4,16) (5,16) 250
(5,16) (4,16) 250
(5,16) (6,16) 250
(6,16) (5,16) 250
(6,16) (7,16) 250
(7,16) (6,16) 250
(7,16) (8,16) 250
(8,16) (7,16) 250
(8,16) (9,16) 250
(9,16) (8,16) 250
(9,16) (10,16) 250
(10,16) (9,16) 250
(10,16) (11,16) 250
(11,16) (10,16) 250
(11,16) (12,16) 250
(12,16) (11,16) 250
(12,16) (13,16) 250
(13,16) (12,16) 250
(13,16) (14,16) 250
(14,16) (13,16) 250
(14,16) (15,16) 250
(15,16) (14,16) 250
(15,16) (16,16) 250
(16,16) (15,16) 250
(16,16) (17,16) 250
(17,16) (16,16) 250
(17,16) (18,16) 250
(18,16) (17,16) 250
(18,16) (19,16) 250
(19,16) (18,16) 250
(19,16) (20,16) 250
(20,16) (19,16) 250
(20,16) (21,16) 250
(21,16) (20,16) 250
(21,16) (22,16) 250
(22,16) (21,16) 250
(22,16) (23,16) 250
(23,16) (22,16) 250
(23,16) (24,16) 250
(24,16) (23,16) 250
(24,16) (25,16) 250
(25,16) (24,16) 250
(1,17) (2,17) 250
(2,17) (1,17) 250
(2,17) (3,17) 250
(3,17) (2,17) 250
(3,17) (4,17) 250
(4,17) (3,17) 250
(4,17) (5,17) 250
(5,17) (4,17) 250
(5,17) (6,17) 250
(6,17) (5,17) 250
(6,17) (7,17) 250
(7,17) (6,17) 250
(7,17) (8,17) 250
(8,17) (7,17) 250
(8,17) (9,17) 250
(9,17) (8,17) 250
(9,17) (10,17) 250
(10,17) (9,17) 250
(10,17) (11,17) 250
(11,17) (10,17) 250
(11,17) (12,17) 250
(12,17) (11,17) 250
(12,17) (13,17) 250
(13,17) (12,17) 250
(13,17) (14,17) 250
(14,17) (13,17) 250
(14,17) (15,17) 250
(15,17) (14,17) 250
(15,17) (16,17) 250
(16,17) (15,17) 250
(16,17) (17,17) 250
(17,17) (16,17) 250
(17,17) (18,17) 250
(18,17) (17,17) 250
(18,17) (19,17) 250
(19,17) (18,17) 250
(19,17) (20,17) 250
(20,17) (19,17) 250
(20,17) (21,17) 250
(21,17) (20,17) 250
(21,17) (22,17) 250
(22,17) (21,17) 250
(22,17) (23,17) 250
(23,17) (22,17) 250
(23,17) (24,17) 250
(24,17) (23,17) 250
(24,17) (25,17) 250
(25,17) (24,17) 250
(1,18) (2,18) 250
(2,18) (1,18) 250
(2,18) (3,18) 250
(3,18) (2,18) 250
(3,18) (4,18) 250
(4,18) (3,18) 250
(4,18) (5,18) 250
(5,18) (4,18) 250
(5,18) (6,18) 250
(6,18) (5,18) 250
(6,18) (7,18) 250
(7,18) (6,18) 250
(7,18) (8,18) 250
(8,18) (7,18) 250
(8,18) (9,18) 250
(9,18) (8,18) 250
(9,18) (10,18) 250
(10,18) (9,18) 250
(10,18) (11,18) 250
(11,18) (10,18) 250
(11,18) (12,18) 250
(12,18) (11,18) 250
(12,18) (13,18) 250
(13,18) (12,18) 250
(13,18) (14,18) 250
(14,18) (13,18) 250
(14,18) (15,18) 250
(15,18) (14,18) 250
(15,18) (16,18) 250
(16,18) (15,18) 250
(16,18) (17,18) 250
(17,18) (16,18) 250
(17,18) (18,18) 250
(18,18) (17,18) 250
(18,18) (19,18) 250
(19,18) (18,18) 250
(19,18) (20,18) 250
(20,18) (19,18) 250
(20,18) (21,18) 250
(21,18) (20,18) 250
(21,18) (22,18) 250
(22,18) (21,18) 250
(22,18) (23,18) 250
(23,18) (22,18) 250
(23,18) (24,18) 250
(24,18) (23,18) 250
(24,18) (25,18) 250
(25,18) (24,18) 250
(1,19) (2,19) 250
(2,19) (1,19) 250
(2,19) (3,19) 250
(3,19) (2,19) 250
(3,19) (4,19) 250
(4,19) (3,19) 250
(4,19) (5,19) 250
(5,19) (4,19) 250
(5,19) (6,19) 250
(6,19) (5,19) 250
(6,19) (7,19) 250
(7,19) (6,19) 250
(7,19) (8,19) 250
(8,19) (7,19) 250
(8,19) (9,19) 250
(9,19) (8,19) 250
(9,19) (10,19) 250
(10,19) (9,19) 250
(10,19) (11,19) 250
(11,19) (10,19) 250
(11,19) (12,19) 250
(12,19) (11,19) 250
(12,19) (13,19) 250
(13,19) (12,19) 250
(13,19) (14,19) 250
(14,19) (13,19) 250
(14,19) (15,19) 250
(15,19) (14,19) 250
(15,19) (16,19) 250
(16,19) (15,19) 250
(16,19) (17,19) 250
(17,19) (16,19) 250
(17,19) (18,19) 250
(18,19) (17,19) 250
(18,19) (19,19) 250
(19,19) (18,19) 250
(19,19) (20,19) 250
(20,19) (19,19) 250
(20,19) (21,19) 250
(21,19) (20,19) 250
(21,19) (22,19) 250
(22,19) (21,19) 250
(22,19) (23,19) 250
(23,19) (22,19) 250
(23,19) (24,19) 250
(24,19) (23,19) 250
(24,19) (25,19) 250
(25,19) (24,19) 250
(1,20) (2,20) 250
(2,20) (1,20) 250
(2,20) (3,20) 250
(3,20) (2,20) 250
(3,20) (4,20) 250
(4,20) (3,20) 250
(4,20) (5,20) 250
(5,20) (4,20) 250
(5,20) (6,20) 250
(6,20) (5,20) 250
(6,20) (7,20) 250
(7,20) (6,20) 250
(7,20) (8,20) 250
(8,20) (7,20) 250
(8,20) (9,20) 250
(9,20) (8,20) 250
(9,20) (10,20) 250
(10,20) (9,20) 250
(10,20) (11,20) 250
(11,20) (10,20) 250
(11,20) (12,20) 250
(12,20) (11,20) 250
(12,20) (13,20) 250
(13,20) (12,20) 250
(13,20) (14,20) 250
(14,20) (13,20) 250
(14,20) (15,20) 250
(15,20) (14,20) 250
(15,20) (16,20) 250
(16,20) (15,20) 250
(16,20) (17,20) 250
(17,20) (16,20) 250
(17,20) (18,20) 250
(18,20) (17,20) 250
(18,20) (19,20) 250
(19,20) (18,20) 250
(19,20) (20,20) 250
(20,20) (19,20) 250
(20,20) (21,20) 250
(21,20) (20,20) 250
(21,20) (22,20) 250
(22,20) (21,20) 250
(22,20) (23,20) 250
(23,20) (22,20) 250
(23,20) (24,20) 250
(24,20) (23,20) 250
(24,20) (25,20) 250
(25,20) (24,20) 250
(1,21) (2,21) 250
(2,21) (1,21) 250
(2,21) (3,21) 250
(3,21) (2,21) 250
(3,21) (4,21) 250
(4,21) (3,21) 250
(4,21) (5,21) 250
(5,21) (4,21) 250
(5,21) (6,21) 250
(6,21) (5,21) 250
(6,21) (7,21) 250
(7,21) (6,21) 250
(7,21) (8,21) 250
(8,21) (7,21) 250
(8,21) (9,21) 250
(9,21) (8,21) 250
(9,21) (10,21) 250
(10,21) (9,21) 250
(10,21) (11,21) 250
(11,21) (10,21) 250
(11,21) (12,21) 250
(12,21) (11,21) 250
(12,21) (13,21) 250
(13,21) (12,21) 250
(13,21) (14,21) 250
(14,21) (13,21) 250
(14,21) (15,21) 250
(15,21) (14,21) 250
(15,21) (16,21) 250
(16,21) (15,21) 250
(16,21) (17,21) 250
(17,21) (16,21) 250
(17,21) (18,21) 250
(18,21) (17,21) 250
(18,21) (19,21) 250
(19,21) (18,21) 250
(19,21) (20,21) 250
(20,21) (19,21) 250
(20,21) (21,21) 250
(21,21) (20,21) 250
(21,21) (22,21) 250
(22,21) (21,21) 250
(22,21) (23,21) 250
(23,21) (22,21) 250
(23,21) (24,21) 250
(24,21) (23,21) 250
(24,21) (25,21) 250
(25,21) (24,21) 250
(1,22) (2,22) 250
(2,22) (1,22) 250
(2,22) (3,22) 250
(3,22) (2,22) 250
(3,22) (4,22) 250
(4,22) (3,22) 250
(4,22) (5,22) 250
(5,22) (4,22) 250
(5,22) (6,22) 250
(6,22) (5,22) 250
(6,22) (7,22) 250
(7,22) (6,22) 250
(7,22) (8,22) 250
(8,22) (7,22) 250
(8,22) (9,22) 250
(9,22) (8,22) 250
(9,22) (10,22) 250
(10,22) (9,22) 250
(10,22) (11,22) 250
(11,22) (10,22) 250
(11,22) (12,22) 250
(12,22) (11,22) 250
(12,22) (13,22) 250
(13,22) (12,22) 250
(13,22) (14,22) 250
(14,22) (13,22) 250
(14,22) (15,22) 250
(15,22) (14,22) 250
(15,22) (16,22) 250
(16,22) (15,22) 250
(16,22) (17,22) 250
(17,22) (16,22) 250
(17,22) (18,22) 250
(18,22) (17,22) 250
(18,22) (19,22) 250
(19,22) (18,22) 250
(19,22) (20,22) 250
(20,22) (19,22) 250
(20,22) (21,22) 250
(21,22) (20,22) 250
(21,22) (22,22) 250
(22,22) (21,22) 250
(22,22) (23,22) 250
(23,22) (22,22) 250
(23,22) (24,22) 250
(24,22) (23,22) 250
(24,22) (25,22) 250
(25,22) (24,22) 250
(1,23) (2,23) 250
(2,23) (1,23) 250
(2,23) (3,23) 250
(3,23) (2,23) 250
(3,23) (4,23) 250
(4,23) (3,23) 250
(4,23) (5,23) 250
(5,23) (4,23) 250
(5,23) (6,23) 250
(6,23) (5,23) 250
(6,23) (7,23) 250
(7,23) (6,23) 250
(7,23) (8,23) 250
(8,23) (7,23) 250
(8,23) (9,23) 250
(9,23) (8,23) 250
(9,23) (10,23) 250
(10,23) (9,23) 250
(10,23) (11,23) 250
(11,23) (10,23) 250
(11,23) (12,23) 250
(12,23) (11,23) 250
(12,23) (13,23) 250
(13,23) (12,23) 250
(13,23) (14,23) 250
(14,23) (13,23) 250
(14,23) (15,23) 250
(15,23) (14,23) 250
(15,23) (16,23) 250
(16,23) (15,23) 250
(16,23) (17,23) 250
(17,23) (16,23) 250
(17,23) (18,23) 250
(18,23) (17,23) 250
(18,23) (19,23) 250
(19,23) (18,23) 250
(19,23) (20,23) 250
(20,23) (19,23) 250
(20,23) (21,23) 250
(21,23) (20,23) 250
(21,23) (22,23) 250
(22,23) (21,23) 250
(22,23) (23,23) 250
(23,23) (22,23) 250
(23,23) (24,23) 250
(24,23) (23,23) 250
(24,23) (25,23) 250
(25,23) (24,23) 250
(1,24) (2,24) 250
(2,24) (1,24) 250
(2,24) (3,24) 250
(3,24) (2,24) 250
(3,24) (4,24) 250
(4,24) (3,24) 250
(4,24) (5,24) 250
(5,24) (4,24) 250
(5,24) (6,24) 250
(6,24) (5,24) 250
(6,24) (7,24) 250
(7,24) (6,24) 250
(7,24) (8,24) 250
(8,24) (7,24) 250
(8,24) (9,24) 250
(9,24) (8,24) 250
(9,24) (10,24) 250
(10,24) (9,24) 250
(10,24) (11,24) 250
(11,24) (10,24) 250
(11,24) (12,24) 250
(12,24) (11,24) 250
(12,24) (13,24) 250
(13,24) (12,24) 250
(13,24) (14,24) 250
(14,24) (13,24) 250
(14,24) (15,24) 250
(15,24) (14,24) 250
(15,24) (16,24) 250
(16,24) (15,24) 250
(16,24) (17,24) 250
(17,24) (16,24) 250
(17,24) (18,24) 250
(18,24) (17,24) 250
(18,24) (19,24) 250
(19,24) (18,24) 250
(19,24) (20,24) 250
(20,24) (19,24) 250
(20,24) (21,24) 250
(21,24) (20,24) 250
(21,24) (22,24) 250
(22,24) (21,24) 250
(22,24) (23,24) 250
(23,24) (22,24) 250
(23,24) (24,24) 250
(24,24) (23,24) 250
(24,24) (25,24) 250
(25,24) (24,24) 250
(1,25) (2,25) 250
(2,25) (1,25) 250
(2,25) (3,25) 250
(3,25) (2,25) 250
(3,25) (4,25) 250
(4,25) (3,25) 250
(4,25) (5,25) 250
(5,25) (4,25) 250
(5,25) (6,25) 250
(6,25) (5,25) 250
(6,25) (7,25) 250
(7,25) (6,25) 250
(7,25) (8,25) 250
(8,25) (7,25) 250
(8,25) (9,25) 250
(9,25) (8,25) 250
(9,25) (10,25) 250
(10,25) (9,25) 250
(10,25) (11,25) 250
(11,25) (10,25) 250
(11,25) (12,25) 250
(12,25) (11,25) 250
(12,25) (13,25) 250
(13,25) (12,25) 250
(13,25) (14,25) 250
(14,25) (13,25) 250
(14,25) (15,25) 250
(15,25) (14,25) 250
(15,25) (16,25) 250
(16,25) (15,25) 250
(16,25) (17,25) 250
(17,25) (16,25) 250
(17,25) (18,25) 250
(18,25) (17,25) 250
(18,25) (19,25) 250
(19,25) (18,25) 250
(19,25) (20,25) 250
(20,25) (19,25) 250
(20,25) (21,25) 250
(21,25) (20,25) 250
(21,25) (22,25) 250
(22,25) (21,25) 250
(22,25) (23,25) 250
(23,25) (22,25) 250
(23,25) (24,25) 250
(24,25) (23,25) 250
(24,25) (25,25) 250
(25,25) (24,25) 250
(1,25) t 250
(2,25) t 250
(3,25) t 250
(4,25) t 250
(5,25) t 250
(6,25) t 250
(7,25) t 250
(8,25) t 250
(9,25) t 250
(10,25) t 250
(11,25) t 250
(12,25) t 250
(13,25) t 250
(14,25) t 250
(15,25) t 250
(16,25) t 250
(17,25) t 250
(18,25) t 250
(19,25) t 250
(20,25) t 250
(21,25) t 250
(22,25) t 250
(23,25) t 250
(24,25) t 250
(25,25) t 250
